4 0.271484375 0.65625 0.38671875 0.54296875 
0 0.625 1.0693359375 0.626953125 0.802734375 
0 0.82470703125 0.640625 0.7490234375 0.478515625 
4 1.0390625 1.19287109375 0.7490234375 0.8427734375 
0 0.6708984375 0.84375 0.5673828125 0.609375 
0 0.92041015625 1.18212890625 0.6552734375 0.8349609375 
0 0.8671875 0.87939453125 0.6865234375 0.6298828125 
0 0.8369140625 0.7705078125 0.6748046875 0.556640625 
0 0.74072265625 0.88525390625 0.58984375 0.6318359375 
0 0.54443359375 1.4462890625 0.2568359375 1.0 
0 0.62548828125 0.91796875 0.3818359375 0.642578125 
0 0.40869140625 0.83837890625 0.248046875 0.5888671875 
0 0.4306640625 1.30712890625 0.095703125 0.8994140625 
0 0.712890625 0.96044921875 0.4345703125 0.6669921875 
0 0.3134765625 0.95751953125 0.0625 0.6611328125 
0 0.50390625 0.88671875 0.28125 0.61328125 
0 0.3544921875 0.9833984375 0.1064453125 0.677734375 
6 0.47802734375 1.4560546875 0.0771484375 1.0 
