1 0.43896484375 0.32958984375 0.4716796875 0.3017578125 
1 0.470703125 0.517578125 0.423828125 0.40625 
1 0.6982421875 0.89111328125 0.4833984375 0.6455078125 
1 0.876953125 1.107421875 0.5615234375 0.78515625 
1 0.55224609375 1.0361328125 0.2890625 0.734375 
1 0.87109375 1.43896484375 0.50390625 0.9990234375 
1 0.4287109375 1.150390625 0.0888671875 0.8046875 
1 0.38427734375 0.6884765625 0.2314453125 0.49609375 
1 0.42626953125 0.54736328125 0.3046875 0.3974609375 
1 0.6328125 1.06494140625 0.3291015625 0.7392578125 
1 0.072265625 0.0205078125 0.18359375 0.041015625 
1 0.2841796875 0.73486328125 0.0869140625 0.5166015625 
1 0.884765625 1.244140625 0.5185546875 0.85546875 
1 0.19873046875 0.5927734375 0.03125 0.41796875 
1 0.8583984375 0.958984375 0.5615234375 0.66015625 
1 0.595703125 0.68896484375 0.4208984375 0.4794921875 
1 0.61083984375 0.54345703125 0.462890625 0.3818359375 
1 0.8193359375 1.150390625 0.4716796875 0.78515625 
1 0.43701171875 0.92138671875 0.173828125 0.6298828125 
1 0.60693359375 1.3994140625 0.20703125 0.97265625 
