0 0.5830078125 0.68310546875 0.5419921875 0.5458984375 
0 0.22119140625 0.640625 0.18359375 0.517578125 
0 0.54052734375 0.77001953125 0.3984375 0.6005859375 
4 0.11865234375 0.11767578125 0.525390625 0.1591796875 
0 0.32177734375 0.84521484375 0.232421875 0.6416015625 
0 0.1591796875 0.4130859375 0.130859375 0.349609375 
0 0.22900390625 0.55810546875 0.21484375 0.4384765625 
0 0.3271484375 0.38818359375 0.341796875 0.3193359375 
0 0.4072265625 0.5263671875 0.38671875 0.408203125 
0 0.4150390625 0.63720703125 0.3291015625 0.4814453125 
0 0.50634765625 0.494140625 0.4931640625 0.384765625 
0 0.53564453125 0.349609375 0.5126953125 0.271484375 
0 0.0966796875 0.2822265625 0.0458984375 0.224609375 
0 0.208984375 0.28857421875 0.17578125 0.2255859375 
0 0.5048828125 0.1630859375 0.4931640625 0.134765625 
0 0.5185546875 0.06689453125 0.52734375 0.0673828125 
0 0.43212890625 0.07861328125 0.4423828125 0.0693359375 
0 0.197265625 0.10693359375 0.2021484375 0.0849609375 
0 0.40478515625 0.12109375 0.3984375 0.091796875 
