0 0.28515625 0.9140625 0.0732421875 0.6875 
0 0.44970703125 0.986328125 0.2919921875 0.732421875 
0 0.4677734375 0.6494140625 0.400390625 0.501953125 
4 0.33056640625 0.42138671875 0.5615234375 0.3486328125 
0 0.3359375 0.87548828125 0.1552734375 0.6494140625 
0 0.33642578125 0.58056640625 0.248046875 0.4521484375 
0 0.4169921875 0.7607421875 0.265625 0.572265625 
0 0.681640625 0.7158203125 0.5615234375 0.541015625 
0 0.6826171875 1.05078125 0.447265625 0.76171875 
0 0.78369140625 1.06396484375 0.537109375 0.7705078125 
0 0.56103515625 0.802734375 0.3759765625 0.595703125 
0 0.4228515625 0.84423828125 0.236328125 0.6220703125 
0 0.4453125 0.51611328125 0.3837890625 0.3994140625 
0 0.6162109375 0.66748046875 0.4853515625 0.4951171875 
0 0.3203125 0.7578125 0.158203125 0.5546875 
0 0.65234375 0.84521484375 0.47265625 0.6123046875 
0 0.56396484375 0.9248046875 0.3447265625 0.6640625 
0 0.728515625 0.84130859375 0.552734375 0.6044921875 
0 0.7666015625 0.943359375 0.537109375 0.66796875 
0 0.59375 0.3193359375 0.54296875 0.236328125 
0 0.3076171875 0.44482421875 0.2021484375 0.3115234375 
0 0.62353515625 0.2490234375 0.5615234375 0.1796875 
0 0.2158203125 0.35888671875 0.130859375 0.2529296875 
0 0.54296875 0.21484375 0.4873046875 0.15625 
0 0.4404296875 0.302734375 0.3701171875 0.21484375 
0 0.548828125 0.32763671875 0.47265625 0.2294921875 
0 0.16162109375 0.09326171875 0.1533203125 0.0712890625 
0 0.375 0.15234375 0.3466796875 0.109375 
