0 0.123046875 0.2119140625 0.4599609375 0.373046875 
0 0.58447265625 0.80419921875 0.525390625 0.6923828125 
0 0.8642578125 1.07470703125 0.716796875 0.8447265625 
0 0.62646484375 0.5419921875 0.576171875 0.48828125 
0 0.36474609375 0.97265625 0.0869140625 0.697265625 
0 0.57421875 0.931640625 0.31640625 0.6640625 
0 0.47265625 0.91015625 0.232421875 0.6484375 
0 0.35400390625 1.0888671875 0.0478515625 0.76171875 
0 0.64599609375 0.982421875 0.37890625 0.689453125 
0 0.5224609375 1.0068359375 0.26171875 0.705078125 
0 0.41845703125 0.99560546875 0.15625 0.6884765625 
0 0.51806640625 0.9072265625 0.263671875 0.62890625 
0 0.36328125 1.01123046875 0.107421875 0.6982421875 
0 0.35888671875 1.0947265625 0.0634765625 0.75390625 
