0 0.50439453125 0.17431640625 0.6015625 0.2568359375 
0 0.63818359375 0.42138671875 0.6396484375 0.3642578125 
0 0.6279296875 0.267578125 0.6962890625 0.26171875 
0 0.6044921875 0.12109375 0.75 0.15625 
4 0.7890625 0.63134765625 0.7490234375 0.4931640625 
4 0.57861328125 0.93017578125 0.4765625 0.6865234375 
0 0.93701171875 1.26611328125 0.6943359375 0.9091796875 
0 0.53369140625 0.44677734375 0.443359375 0.3564453125 
0 0.7568359375 0.2421875 0.75 0.21875 
4 0.62158203125 0.7841796875 0.5078125 0.578125 
0 0.5205078125 0.50634765625 0.4248046875 0.3916015625 
0 0.6064453125 0.45947265625 0.5966796875 0.3603515625 
4 0.5908203125 1.03662109375 0.3515625 0.7412109375 
0 0.642578125 1.13037109375 0.330078125 0.8037109375 
4 0.50146484375 0.7275390625 0.390625 0.52734375 
0 0.7265625 0.626953125 0.5751953125 0.45703125 
0 0.75439453125 0.60498046875 0.6328125 0.4384765625 
0 0.76220703125 0.6298828125 0.619140625 0.44921875 
0 0.6259765625 0.5546875 0.498046875 0.3984375 
0 0.57763671875 0.59375 0.458984375 0.423828125 
0 0.6689453125 0.62109375 0.537109375 0.44140625 
0 0.6962890625 0.58984375 0.54296875 0.4140625 
