0 0.51953125 0.0498046875 0.6669921875 0.099609375 
0 0.60791015625 0.978515625 0.4638671875 0.712890625 
0 0.66357421875 0.064453125 0.7490234375 0.103515625 
0 0.0419921875 0.1357421875 0.1572265625 0.150390625 
0 0.369140625 1.1513671875 0.10546875 0.826171875 
0 0.62255859375 0.2783203125 0.7490234375 0.2421875 
0 1.0849609375 1.40771484375 0.7490234375 0.9951171875 
0 0.85205078125 1.41650390625 0.5322265625 0.9990234375 
0 0.9287109375 1.31982421875 0.6240234375 0.9326171875 
0 0.3251953125 0.123046875 0.5166015625 0.1328125 
0 0.4384765625 0.8759765625 0.294921875 0.634765625 
0 0.99072265625 1.1611328125 0.7490234375 0.82421875 
0 0.62939453125 0.595703125 0.6328125 0.447265625 
0 0.48291015625 0.8505859375 0.404296875 0.6171875 
0 0.1337890625 0.2890625 0.234375 0.2421875 
0 0.6181640625 0.44140625 0.6513671875 0.34375 
0 0.91357421875 0.8818359375 0.75 0.63671875 
0 0.703125 1.11181640625 0.5146484375 0.7900390625 
0 1.05712890625 1.265625 0.75 0.892578125 
0 0.74560546875 0.984375 0.546875 0.705078125 
0 0.41796875 1.28955078125 0.064453125 0.9072265625 
0 0.90966796875 1.033203125 0.740234375 0.736328125 
0 0.630859375 1.39453125 0.3076171875 0.9765625 
0 0.68798828125 1.158203125 0.4677734375 0.818359375 
0 0.4404296875 0.5634765625 0.4287109375 0.419921875 
0 0.8740234375 0.92919921875 0.732421875 0.6630859375 
0 0.59033203125 0.45556640625 0.5595703125 0.3466796875 
0 0.689453125 0.8935546875 0.5380859375 0.638671875 
0 0.73486328125 1.275390625 0.4462890625 0.892578125 
0 0.71826171875 0.6572265625 0.6787109375 0.48046875 
0 0.8701171875 1.19775390625 0.6142578125 0.8408203125 
0 0.4052734375 0.03125 0.5283203125 0.0625 
0 0.076171875 0.259765625 0.060546875 0.21484375 
0 0.490234375 0.31982421875 0.5625 0.2529296875 
0 0.16748046875 0.533203125 0.0966796875 0.396484375 
0 0.25341796875 0.37939453125 0.279296875 0.2919921875 
0 0.2509765625 0.5625 0.1845703125 0.4140625 
0 0.45263671875 0.25927734375 0.5263671875 0.2119140625 
0 0.7236328125 0.79931640625 0.681640625 0.5712890625 
0 0.45849609375 0.65966796875 0.375 0.4775390625 
0 0.595703125 1.21728515625 0.3583984375 0.8486328125 
0 0.4189453125 0.46142578125 0.443359375 0.3447265625 
0 0.12060546875 0.38916015625 0.037109375 0.2958984375 
0 0.5517578125 1.3193359375 0.23828125 0.916015625 
0 0.20556640625 0.48828125 0.2109375 0.361328125 
0 0.27197265625 0.72412109375 0.24609375 0.5166015625 
0 0.873046875 0.6611328125 0.75 0.474609375 
0 0.78564453125 1.44140625 0.4130859375 0.994140625 
0 0.28564453125 0.88232421875 0.1181640625 0.6220703125 
0 0.4208984375 1.0673828125 0.2265625 0.744140625 
0 0.20751953125 0.6455078125 0.05859375 0.4609375 
0 0.72705078125 0.7275390625 0.650390625 0.515625 
0 0.87255859375 0.615234375 0.75 0.439453125 
0 0.34912109375 0.68701171875 0.265625 0.4853515625 
0 0.9912109375 0.99267578125 0.7490234375 0.7041015625 
