0 0.2451171875 0.0927734375 0.408203125 0.185546875 
0 0.0 0.07666015625 0.0712890625 0.1533203125 
0 0.41455078125 0.34130859375 0.38671875 0.3017578125 
0 0.28369140625 0.3583984375 0.26953125 0.3125 
0 0.4716796875 0.39794921875 0.400390625 0.3349609375 
0 0.63330078125 0.44384765625 0.5791015625 0.3544921875 
0 0.46923828125 0.7529296875 0.318359375 0.5546875 
0 0.31884765625 0.47802734375 0.236328125 0.3681640625 
0 0.6376953125 0.037109375 0.7294921875 0.07421875 
4 0.4990234375 0.88330078125 0.3125 0.6376953125 
4 0.89013671875 0.98193359375 0.7041015625 0.7001953125 
0 0.37939453125 0.52587890625 0.2763671875 0.3896484375 
4 0.8876953125 0.72998046875 0.7294921875 0.5107421875 
6 1.05322265625 1.244140625 0.71875 0.849609375 
0 0.8623046875 0.83447265625 0.669921875 0.5751953125 
0 1.1044921875 1.1806640625 0.7490234375 0.814453125 
