6 0.375 1.17724609375 0.0693359375 0.8544921875 
6 0.6220703125 0.755859375 0.564453125 0.5703125 
6 0.46923828125 0.74755859375 0.3828125 0.5595703125 
4 0.359375 0.208984375 0.4609375 0.1796875 
6 0.6513671875 0.6318359375 0.5556640625 0.458984375 
4 0.28662109375 0.3427734375 0.2998046875 0.26171875 
4 0.76953125 0.4052734375 0.705078125 0.302734375 
0 0.4375 0.05712890625 0.5087890625 0.0673828125 
0 0.45263671875 0.03369140625 0.5263671875 0.0498046875 
0 0.5009765625 0.03369140625 0.5791015625 0.0478515625 
0 0.6005859375 0.06005859375 0.6513671875 0.0654296875 
0 0.27490234375 0.03173828125 0.3076171875 0.0458984375 
0 0.55908203125 0.1103515625 0.5771484375 0.09375 
0 0.5595703125 0.0126953125 0.6162109375 0.025390625 
4 0.572265625 0.2939453125 0.5556640625 0.224609375 
