4 0.46337890625 0.76611328125 0.7490234375 0.8232421875 
0 0.634765625 0.46826171875 0.6103515625 0.3740234375 
0 0.564453125 1.28857421875 0.3271484375 0.9091796875 
0 1.01708984375 1.353515625 0.734375 0.947265625 
4 0.6904296875 0.97705078125 0.4775390625 0.6923828125 
0 0.33154296875 0.6875 0.267578125 0.498046875 
0 0.841796875 0.55322265625 0.748046875 0.4072265625 
0 0.57080078125 0.85791015625 0.3330078125 0.6005859375 
4 0.70263671875 1.08349609375 0.4521484375 0.7509765625 
0 0.36279296875 1.01953125 0.1142578125 0.705078125 
0 0.32958984375 0.7392578125 0.1220703125 0.515625 
0 0.52783203125 0.8447265625 0.326171875 0.5859375 
0 0.40478515625 0.873046875 0.20703125 0.603515625 
0 0.36328125 0.83642578125 0.1748046875 0.5791015625 
0 0.44287109375 0.79638671875 0.2568359375 0.5517578125 
0 0.60791015625 0.83642578125 0.390625 0.5771484375 
0 0.43017578125 0.794921875 0.2216796875 0.548828125 
0 0.5185546875 0.77587890625 0.3154296875 0.5361328125 
0 0.306640625 0.81298828125 0.078125 0.5595703125 
0 0.6201171875 0.8095703125 0.4345703125 0.556640625 
0 0.33837890625 0.810546875 0.115234375 0.556640625 
0 0.419921875 0.7529296875 0.205078125 0.517578125 
0 0.533203125 0.751953125 0.3310546875 0.515625 
