6 0.3623046875 0.64013671875 0.46484375 0.5732421875 
0 0.9228515625 0.0791015625 0.9482421875 0.095703125 
0 1.01171875 0.92578125 0.740234375 0.6484375 
0 0.20849609375 0.0712890625 0.220703125 0.07421875 
0 0.26171875 0.0986328125 0.2626953125 0.091796875 
0 1.11865234375 0.4541015625 0.9833984375 0.32421875 
0 0.330078125 0.0302734375 0.3935546875 0.041015625 
0 0.447265625 0.404296875 0.3369140625 0.2890625 
0 1.00927734375 0.0888671875 0.9990234375 0.078125 
0 0.16064453125 0.08984375 0.169921875 0.076171875 
0 0.3134765625 0.01171875 0.37109375 0.0234375 
0 0.2451171875 0.140625 0.21875 0.109375 
0 1.1474609375 0.59228515625 0.99609375 0.4072265625 
0 0.4697265625 0.23193359375 0.453125 0.1669921875 
0 0.9208984375 0.30712890625 0.876953125 0.2158203125 
0 0.427734375 0.1982421875 0.3896484375 0.142578125 
0 0.40185546875 0.15576171875 0.3759765625 0.1142578125 
0 0.41943359375 0.12841796875 0.4345703125 0.0947265625 
0 0.6923828125 0.47802734375 0.5712890625 0.3271484375 
0 0.16845703125 0.1884765625 0.1396484375 0.1328125 
0 0.61865234375 0.3115234375 0.5322265625 0.21484375 
