0 1.0986328125 0.71142578125 0.998046875 0.5478515625 
0 1.0703125 0.52490234375 0.9990234375 0.4326171875 
0 0.88037109375 0.34521484375 0.833984375 0.2939453125 
0 0.783203125 0.52099609375 0.7392578125 0.4013671875 
0 0.83984375 0.59423828125 0.830078125 0.4580078125 
0 0.5673828125 0.4912109375 0.54296875 0.392578125 
0 0.54833984375 0.2275390625 0.6064453125 0.21875 
0 0.6123046875 0.2080078125 0.6103515625 0.166015625 
0 0.31005859375 0.1611328125 0.3759765625 0.13671875 
0 0.42578125 0.548828125 0.3740234375 0.4375 
0 0.18310546875 0.416015625 0.12890625 0.322265625 
0 0.169921875 0.29052734375 0.1494140625 0.2412109375 
0 0.12158203125 0.21875 0.1142578125 0.181640625 
0 0.73193359375 0.1630859375 0.7744140625 0.1328125 
0 0.04150390625 0.02783203125 0.1005859375 0.0380859375 
