2 0.5478515625 0.71826171875 0.486328125 0.5537109375 
2 0.1259765625 0.43408203125 0.0888671875 0.3642578125 
2 0.71435546875 0.373046875 0.6806640625 0.306640625 
2 0.2412109375 0.328125 0.1982421875 0.2578125 
2 0.5380859375 0.29248046875 0.474609375 0.2294921875 
2 0.373046875 0.33251953125 0.3125 0.2548828125 
2 0.529296875 0.3125 0.46484375 0.23828125 
2 0.50244140625 0.32958984375 0.431640625 0.2470703125 
2 0.43212890625 0.33544921875 0.376953125 0.2509765625 
2 0.61376953125 0.32421875 0.5263671875 0.240234375 
2 0.328125 0.33984375 0.26171875 0.25 
2 0.65380859375 0.3125 0.5732421875 0.228515625 
2 0.6279296875 0.310546875 0.55078125 0.2265625 
2 0.78369140625 0.3134765625 0.7001953125 0.2265625 
2 0.68310546875 0.33056640625 0.6025390625 0.2373046875 
2 0.83984375 0.33837890625 0.7490234375 0.2392578125 
