0 0.53515625 0.1435546875 0.61328125 0.193359375 
0 0.19189453125 0.17626953125 0.177734375 0.1630859375 
0 0.2919921875 0.04541015625 0.3232421875 0.0712890625 
0 0.416015625 0.25 0.3974609375 0.203125 
0 0.73779296875 0.7021484375 0.556640625 0.5 
0 0.51513671875 0.02783203125 0.58203125 0.0498046875 
0 0.50830078125 0.66259765625 0.353515625 0.4716796875 
0 0.5078125 0.3017578125 0.439453125 0.228515625 
0 0.2705078125 0.0517578125 0.287109375 0.060546875 
0 0.3291015625 0.30419921875 0.255859375 0.2255859375 
0 0.23876953125 0.05029296875 0.25390625 0.0556640625 
0 0.197265625 0.015625 0.232421875 0.03125 
0 0.5712890625 0.337890625 0.48828125 0.24609375 
0 0.54638671875 0.45068359375 0.45703125 0.3212890625 
0 0.359375 0.26123046875 0.3037109375 0.1943359375 
0 0.26171875 0.30419921875 0.189453125 0.2216796875 
0 0.52001953125 0.59765625 0.3564453125 0.416015625 
0 0.53173828125 0.76611328125 0.322265625 0.5302734375 
