6 0.69482421875 1.15380859375 0.5546875 0.8642578125 
0 0.8095703125 0.9482421875 0.6533203125 0.697265625 
4 0.169921875 0.21484375 0.3017578125 0.20703125 
4 0.48876953125 0.33251953125 0.580078125 0.2802734375 
6 0.03125 0.13525390625 0.1845703125 0.1455078125 
0 0.68505859375 0.58837890625 0.587890625 0.4365234375 
0 0.650390625 0.03466796875 0.7490234375 0.0654296875 
0 0.66845703125 0.1259765625 0.75 0.12109375 
0 0.876953125 0.56298828125 0.75 0.4111328125 
6 0.89453125 0.8076171875 0.724609375 0.564453125 
