1 0.56982421875 0.322265625 0.5673828125 0.283203125 
1 0.76123046875 1.08203125 0.4765625 0.787109375 
1 0.8466796875 1.0390625 0.619140625 0.7578125 
1 0.71484375 1.24951171875 0.416015625 0.8935546875 
1 0.47509765625 0.92578125 0.2734375 0.662109375 
1 0.77685546875 0.78515625 0.6103515625 0.568359375 
1 0.62158203125 1.21728515625 0.310546875 0.8544921875 
1 0.61572265625 0.7158203125 0.4833984375 0.51953125 
1 0.630859375 0.66748046875 0.5166015625 0.4873046875 
1 0.708984375 0.7841796875 0.5390625 0.564453125 
1 0.82421875 0.75146484375 0.669921875 0.5419921875 
1 0.912109375 1.240234375 0.6025390625 0.8671875 
1 1.091796875 1.28564453125 0.7490234375 0.8955078125 
1 0.474609375 0.6494140625 0.37890625 0.470703125 
1 0.94287109375 0.7958984375 0.75 0.56640625 
