1 0.69189453125 0.61474609375 0.6728515625 0.4931640625 
1 0.46142578125 1.013671875 0.2080078125 0.740234375 
1 0.49267578125 0.85107421875 0.3603515625 0.6298828125 
1 0.283203125 0.6171875 0.2802734375 0.47265625 
1 0.556640625 1.3017578125 0.259765625 0.927734375 
1 0.5400390625 0.67333984375 0.4462890625 0.5068359375 
1 0.6005859375 0.5703125 0.509765625 0.43359375 
1 0.67236328125 1.224609375 0.365234375 0.861328125 
1 0.4560546875 1.345703125 0.1083984375 0.9375 
1 0.50634765625 1.43701171875 0.13671875 0.9970703125 
