0 0.16162109375 0.43701171875 0.7490234375 0.6767578125 
0 0.228515625 0.62255859375 0.5830078125 0.6748046875 
0 0.7216796875 1.06298828125 0.5166015625 0.8251953125 
0 0.69580078125 0.52783203125 0.75 0.4482421875 
0 0.30615234375 0.9580078125 0.0615234375 0.71484375 
4 0.71728515625 1.201171875 0.4296875 0.865234375 
0 0.41845703125 1.13623046875 0.0966796875 0.8212890625 
0 0.60498046875 0.96826171875 0.3359375 0.7080078125 
0 0.84423828125 0.45361328125 0.7490234375 0.3623046875 
0 0.6123046875 1.03564453125 0.3515625 0.7431640625 
0 0.47412109375 1.14501953125 0.1708984375 0.8037109375 
0 0.45849609375 1.0771484375 0.173828125 0.7578125 
0 0.7470703125 0.94970703125 0.533203125 0.6650390625 
0 0.36865234375 1.12841796875 0.0185546875 0.7822265625 
0 0.4814453125 0.23291015625 0.75 0.3017578125 
