0 0.2333984375 0.12939453125 0.4091796875 0.1767578125 
0 0.1748046875 0.19775390625 0.255859375 0.2197265625 
0 0.17333984375 0.3115234375 0.2099609375 0.2890625 
0 0.66259765625 0.49560546875 0.75 0.3994140625 
0 0.05078125 0.0458984375 0.1630859375 0.091796875 
4 0.5390625 0.76171875 0.4384765625 0.56640625 
0 0.11474609375 0.3046875 0.130859375 0.255859375 
0 0.33203125 0.40673828125 0.314453125 0.3212890625 
4 0.67724609375 0.734375 0.62890625 0.537109375 
0 0.18505859375 0.31640625 0.205078125 0.251953125 
0 0.5283203125 0.5361328125 0.5283203125 0.396484375 
0 0.10302734375 0.33837890625 0.0302734375 0.2646484375 
0 0.65625 0.3466796875 0.6845703125 0.267578125 
0 0.46337890625 0.390625 0.4716796875 0.294921875 
0 0.52197265625 0.421875 0.5146484375 0.314453125 
0 0.73193359375 0.44482421875 0.75 0.3251953125 
0 0.34326171875 0.4384765625 0.357421875 0.3203125 
0 0.7177734375 0.3759765625 0.7099609375 0.275390625 
4 0.84521484375 0.80126953125 0.748046875 0.5810546875 
