0 0.26611328125 0.587890625 0.41015625 0.533203125 
0 0.58447265625 0.57568359375 0.6025390625 0.5205078125 
4 0.62158203125 0.9365234375 0.5390625 0.70703125 
0 0.26953125 0.48095703125 0.2763671875 0.4033203125 
0 0.3955078125 1.2041015625 0.0869140625 0.880859375 
0 0.380859375 0.83447265625 0.1787109375 0.6181640625 
0 0.2919921875 0.6494140625 0.1396484375 0.494140625 
0 0.3017578125 0.94384765625 0.0576171875 0.6806640625 
0 0.328125 0.92236328125 0.11328125 0.6611328125 
0 0.35986328125 1.11279296875 0.1396484375 0.7861328125 
0 0.4130859375 1.00634765625 0.15234375 0.7119140625 
4 0.298828125 0.15380859375 0.62109375 0.2919921875 
