4 0.4306640625 1.00341796875 0.6533203125 0.8232421875 
0 0.4775390625 0.16015625 0.6064453125 0.234375 
0 0.8359375 0.701171875 0.75 0.5859375 
0 0.60986328125 0.52685546875 0.5712890625 0.4697265625 
0 0.14453125 0.34033203125 0.2177734375 0.3251953125 
0 0.5283203125 0.3544921875 0.560546875 0.326171875 
4 0.2412109375 0.78125 0.158203125 0.59765625 
0 0.82421875 0.61669921875 0.7236328125 0.4755859375 
0 0.34423828125 0.50830078125 0.294921875 0.3974609375 
0 0.52001953125 0.501953125 0.4423828125 0.380859375 
0 0.654296875 0.62255859375 0.5849609375 0.4599609375 
0 0.47216796875 0.5380859375 0.3408203125 0.40234375 
0 0.50830078125 0.9228515625 0.3154296875 0.65625 
4 0.51513671875 0.64111328125 0.40234375 0.4638671875 
0 0.57275390625 0.57275390625 0.501953125 0.4169921875 
0 0.48876953125 0.70361328125 0.359375 0.5029296875 
0 0.2958984375 0.6611328125 0.142578125 0.470703125 
0 0.4296875 0.650390625 0.291015625 0.4609375 
0 0.21533203125 0.6640625 0.044921875 0.466796875 
0 0.26904296875 0.6669921875 0.099609375 0.46875 
0 0.38916015625 0.71484375 0.1806640625 0.498046875 
0 0.40869140625 0.60107421875 0.28515625 0.4306640625 
