2 0.529296875 0.59423828125 0.4326171875 0.4736328125 
2 0.47900390625 1.0166015625 0.4765625 0.74609375 
2 0.373046875 0.56884765625 0.2421875 0.4462890625 
2 0.39892578125 0.57861328125 0.283203125 0.4443359375 
2 0.609375 0.63671875 0.458984375 0.47265625 
2 0.8779296875 0.69580078125 0.7138671875 0.5087890625 
2 0.76708984375 0.6708984375 0.5859375 0.4921875 
2 0.74609375 0.681640625 0.56640625 0.49609375 
2 0.7373046875 0.67431640625 0.541015625 0.4892578125 
2 0.52783203125 0.62548828125 0.3583984375 0.4560546875 
