1 0.3984375 0.20849609375 0.572265625 0.2646484375 
1 0.69970703125 0.75048828125 0.626953125 0.6240234375 
1 0.84326171875 0.47412109375 0.75 0.4072265625 
1 0.41748046875 0.931640625 0.19140625 0.685546875 
1 0.4482421875 0.6142578125 0.3740234375 0.470703125 
1 0.7109375 1.2041015625 0.4462890625 0.861328125 
1 0.35595703125 1.0966796875 0.0458984375 0.76953125 
1 0.3291015625 0.59033203125 0.244140625 0.4306640625 
1 0.86474609375 1.29248046875 0.5009765625 0.8916015625 
1 0.96337890625 1.337890625 0.6787109375 0.943359375 
