0 0.10791015625 0.4580078125 0.1083984375 0.48828125 
0 1.048828125 1.16162109375 0.7490234375 0.8154296875 
0 0.9453125 1.177734375 0.697265625 0.8203125 
0 0.7177734375 1.17431640625 0.4951171875 0.8173828125 
0 0.86572265625 1.08642578125 0.6396484375 0.7568359375 
0 0.81494140625 1.08642578125 0.5673828125 0.7568359375 
0 0.82763671875 1.1591796875 0.53515625 0.8046875 
0 0.6650390625 1.095703125 0.4521484375 0.76171875 
0 0.95263671875 1.01025390625 0.7109375 0.6943359375 
6 0.33935546875 0.9033203125 0.7001953125 0.76171875 
