2 0.67138671875 0.67333984375 0.5166015625 0.5087890625 
2 0.3076171875 0.966796875 0.0927734375 0.703125 
2 0.38671875 0.634765625 0.23046875 0.47265625 
2 0.78857421875 0.6875 0.6162109375 0.505859375 
2 0.42041015625 0.63916015625 0.240234375 0.4638671875 
2 0.44775390625 0.646484375 0.26953125 0.462890625 
2 0.25732421875 0.658203125 0.0869140625 0.470703125 
2 0.30322265625 0.65966796875 0.123046875 0.4697265625 
2 0.3466796875 0.6220703125 0.1728515625 0.443359375 
2 0.40234375 0.56640625 0.248046875 0.40625 
2 0.318359375 0.60546875 0.1572265625 0.4296875 
2 0.21435546875 0.66259765625 0.0302734375 0.4677734375 
2 0.6748046875 1.0341796875 0.462890625 0.755859375 
