1 0.45654296875 0.73291015625 0.3662109375 0.5966796875 
1 0.294921875 0.10107421875 0.3564453125 0.1669921875 
1 0.423828125 0.84326171875 0.2998046875 0.6552734375 
1 0.86181640625 0.81640625 0.69140625 0.634765625 
1 0.29150390625 0.47802734375 0.2802734375 0.4072265625 
1 0.95361328125 0.931640625 0.75390625 0.708984375 
1 0.912109375 0.537109375 0.853515625 0.4453125 
1 0.2529296875 0.55908203125 0.193359375 0.4541015625 
1 0.55029296875 0.779296875 0.4072265625 0.599609375 
1 1.1748046875 0.716796875 0.9990234375 0.55859375 
1 0.279296875 0.15478515625 0.30859375 0.1806640625 
1 0.52099609375 0.13232421875 0.5419921875 0.1650390625 
1 0.66552734375 0.439453125 0.6650390625 0.369140625 
1 0.8212890625 0.9033203125 0.609375 0.677734375 
1 0.5966796875 0.22021484375 0.58984375 0.2216796875 
1 0.73681640625 0.5439453125 0.6748046875 0.4375 
1 0.443359375 0.27490234375 0.4833984375 0.2568359375 
1 0.4384765625 0.197265625 0.4541015625 0.203125 
1 0.8212890625 0.53564453125 0.7548828125 0.4267578125 
1 0.8662109375 0.41845703125 0.814453125 0.3486328125 
1 0.9228515625 0.3798828125 0.8779296875 0.322265625 
1 1.052734375 0.728515625 0.90234375 0.5546875 
1 0.3388671875 0.80712890625 0.189453125 0.6064453125 
1 0.6630859375 0.70751953125 0.548828125 0.5400390625 
1 0.59375 0.97705078125 0.369140625 0.7197265625 
1 0.00927734375 0.0517578125 0.1552734375 0.1015625 
1 0.56103515625 0.6630859375 0.4404296875 0.5078125 
1 0.4150390625 0.45068359375 0.4287109375 0.3623046875 
1 0.71728515625 0.11181640625 0.787109375 0.1357421875 
1 0.80908203125 0.2783203125 0.828125 0.24609375 
1 0.91015625 0.75634765625 0.720703125 0.5634765625 
1 0.62353515625 0.52197265625 0.541015625 0.4052734375 
1 0.6787109375 0.294921875 0.6474609375 0.25390625 
1 0.55615234375 0.0419921875 0.6171875 0.08203125 
1 0.47216796875 0.041015625 0.525390625 0.080078125 
1 0.78955078125 0.4482421875 0.72265625 0.3515625 
1 0.61962890625 1.04541015625 0.3994140625 0.7490234375 
1 0.40380859375 0.58251953125 0.2958984375 0.4404296875 
1 1.0 0.4228515625 0.9169921875 0.333984375 
1 1.09033203125 0.87451171875 0.900390625 0.6337890625 
1 0.84521484375 0.38037109375 0.771484375 0.3017578125 
1 0.56396484375 0.5390625 0.453125 0.404296875 
1 0.970703125 0.34716796875 0.923828125 0.2763671875 
1 0.4736328125 0.5478515625 0.3828125 0.408203125 
1 0.72802734375 0.03369140625 0.8134765625 0.0654296875 
1 0.24365234375 0.1943359375 0.263671875 0.171875 
1 0.33544921875 0.39208984375 0.2744140625 0.3017578125 
1 0.419921875 0.36669921875 0.38671875 0.2841796875 
1 0.859375 0.68408203125 0.6943359375 0.4931640625 
1 0.84765625 0.81494140625 0.677734375 0.5791015625 
1 0.87548828125 1.0419921875 0.5849609375 0.73046875 
1 0.6015625 0.4248046875 0.55859375 0.318359375 
1 0.60986328125 0.91748046875 0.4140625 0.6455078125 
1 0.76953125 0.37841796875 0.6923828125 0.2841796875 
1 1.134765625 0.7314453125 0.9599609375 0.517578125 
1 0.3935546875 0.60595703125 0.2275390625 0.4306640625 
