4 0.443359375 0.830078125 0.3291015625 0.640625 
4 0.556640625 0.775390625 0.4609375 0.5703125 
0 0.15771484375 0.28076171875 0.220703125 0.2392578125 
0 0.755859375 0.30517578125 0.75 0.2548828125 
0 0.3056640625 0.32373046875 0.3359375 0.2607421875 
0 0.15283203125 0.49169921875 0.146484375 0.3720703125 
0 0.1279296875 0.412109375 0.091796875 0.3125 
0 0.462890625 0.466796875 0.4482421875 0.34765625 
0 0.58056640625 0.4443359375 0.5625 0.33203125 
0 0.283203125 0.45361328125 0.271484375 0.3369140625 
0 0.697265625 0.42333984375 0.6611328125 0.3154296875 
0 0.81494140625 0.39501953125 0.7490234375 0.2919921875 
4 0.70556640625 0.58447265625 0.6962890625 0.4169921875 
0 0.74462890625 0.4541015625 0.6884765625 0.328125 
0 0.6201171875 0.33203125 0.6044921875 0.24609375 
0 0.3095703125 0.3974609375 0.30078125 0.287109375 
0 0.81103515625 1.119140625 0.57421875 0.802734375 
