4 0.3193359375 0.744140625 0.1708984375 0.625 
0 0.8623046875 0.806640625 0.662109375 0.65625 
0 0.66259765625 0.19580078125 0.7470703125 0.1826171875 
0 1.00341796875 0.65283203125 0.810546875 0.4873046875 
0 0.8037109375 0.06298828125 0.919921875 0.0791015625 
0 1.0595703125 0.68115234375 0.8828125 0.4833984375 
0 0.94921875 1.03271484375 0.6357421875 0.7177734375 
0 1.12451171875 0.7763671875 0.9208984375 0.546875 
0 0.63818359375 0.2138671875 0.61328125 0.1640625 
0 0.78857421875 0.87451171875 0.5419921875 0.6025390625 
0 0.65283203125 0.6083984375 0.4912109375 0.421875 
0 0.681640625 0.58203125 0.5185546875 0.40234375 
