0 0.552734375 0.12744140625 0.7294921875 0.1806640625 
6 0.7744140625 0.984375 0.634765625 0.73046875 
4 0.63623046875 0.716796875 0.642578125 0.548828125 
4 0.5634765625 0.80078125 0.3720703125 0.59375 
0 0.72900390625 0.33251953125 0.7490234375 0.2763671875 
4 0.216796875 0.68701171875 0.13671875 0.5068359375 
0 0.59423828125 1.12939453125 0.3232421875 0.7998046875 
0 0.57275390625 1.04052734375 0.3203125 0.7353515625 
4 0.609375 0.6953125 0.5224609375 0.5 
0 0.46875 0.45703125 0.4150390625 0.3359375 
0 0.5986328125 0.48583984375 0.546875 0.3544921875 
0 0.7529296875 0.5205078125 0.6845703125 0.376953125 
0 0.66943359375 0.5029296875 0.6181640625 0.36328125 
0 0.55126953125 0.55810546875 0.4501953125 0.3994140625 
0 0.51708984375 0.0947265625 0.59765625 0.08984375 
0 0.7255859375 0.560546875 0.6328125 0.39453125 
0 0.63916015625 0.55615234375 0.5537109375 0.3994140625 
