0 0.29638671875 0.72802734375 0.3330078125 0.5830078125 
0 0.8525390625 0.93017578125 0.7490234375 0.7041015625 
0 0.5439453125 0.4384765625 0.568359375 0.365234375 
0 0.1376953125 0.4677734375 0.24609375 0.384765625 
0 0.49365234375 0.6396484375 0.51171875 0.49609375 
0 0.28857421875 0.29443359375 0.4736328125 0.2626953125 
0 0.4091796875 0.40966796875 0.4833984375 0.3388671875 
0 0.45703125 1.16796875 0.2822265625 0.84375 
0 0.41748046875 0.1142578125 0.6572265625 0.140625 
0 0.5712890625 1.14501953125 0.4462890625 0.8251953125 
0 0.61474609375 0.22900390625 0.75 0.2138671875 
0 0.93212890625 1.23779296875 0.7490234375 0.8837890625 
0 0.751953125 0.71923828125 0.75 0.5361328125 
0 0.32275390625 0.99755859375 0.2255859375 0.7197265625 
0 0.78466796875 1.0185546875 0.6435546875 0.73046875 
0 0.77734375 0.568359375 0.75 0.4296875 
0 0.44482421875 1.37255859375 0.0732421875 0.9658203125 
0 0.60009765625 1.18359375 0.435546875 0.837890625 
0 0.71923828125 1.14208984375 0.4970703125 0.8095703125 
0 0.2275390625 0.71826171875 0.06640625 0.5263671875 
0 0.96728515625 1.34619140625 0.75 0.9443359375 
0 0.7451171875 0.6025390625 0.615234375 0.447265625 
0 0.01123046875 0.068359375 0.0595703125 0.091796875 
0 0.72509765625 1.2626953125 0.5224609375 0.88671875 
0 0.5380859375 0.80126953125 0.3837890625 0.5791015625 
0 0.2197265625 0.38818359375 0.248046875 0.3037109375 
0 0.40966796875 1.2607421875 0.119140625 0.8828125 
0 0.51513671875 0.95556640625 0.375 0.6787109375 
0 0.7744140625 0.916015625 0.578125 0.6484375 
0 0.57177734375 1.06982421875 0.4296875 0.7470703125 
0 0.9013671875 0.89794921875 0.7490234375 0.6318359375 
0 0.62939453125 1.4560546875 0.353515625 1.0 
0 0.89501953125 1.4560546875 0.6171875 1.0 
0 0.052734375 0.18310546875 0.01953125 0.1552734375 
