4 0.1806640625 0.4052734375 0.2744140625 0.416015625 
0 0.7353515625 1.0048828125 0.4580078125 0.748046875 
0 0.55615234375 1.0380859375 0.2705078125 0.75 
0 0.603515625 0.71337890625 0.41015625 0.5205078125 
0 0.865234375 0.28955078125 0.8095703125 0.2275390625 
0 0.83251953125 0.400390625 0.748046875 0.298828125 
0 0.90283203125 0.91943359375 0.6279296875 0.6416015625 
0 0.68017578125 0.52001953125 0.62890625 0.3740234375 
0 0.73486328125 0.44873046875 0.666015625 0.3212890625 
0 0.72021484375 1.09033203125 0.3779296875 0.7490234375 
