0 0.52490234375 0.0947265625 0.7490234375 0.1796875 
0 0.56884765625 0.291015625 0.634765625 0.279296875 
4 0.56591796875 0.658203125 0.6240234375 0.509765625 
0 0.49169921875 0.29443359375 0.505859375 0.2626953125 
0 0.7822265625 1.2626953125 0.607421875 0.908203125 
0 0.5166015625 0.4404296875 0.421875 0.357421875 
0 0.59765625 0.427734375 0.498046875 0.34375 
4 0.5439453125 1.11376953125 0.294921875 0.7978515625 
4 0.4765625 0.90478515625 0.37109375 0.6572265625 
4 0.5048828125 0.763671875 0.4453125 0.5625 
0 0.828125 0.39208984375 0.7490234375 0.3115234375 
0 0.70654296875 1.2109375 0.4765625 0.857421875 
0 0.55859375 0.59521484375 0.4423828125 0.4404296875 
0 0.60400390625 0.55859375 0.478515625 0.412109375 
0 0.7939453125 0.67626953125 0.6484375 0.4892578125 
0 0.46728515625 0.5595703125 0.359375 0.40625 
0 0.6328125 0.55810546875 0.5859375 0.4052734375 
0 0.5732421875 0.55419921875 0.43359375 0.4013671875 
0 0.8984375 0.6982421875 0.7490234375 0.490234375 
0 0.685546875 0.63330078125 0.525390625 0.4423828125 
0 0.70947265625 0.61376953125 0.5615234375 0.4287109375 
0 0.72607421875 0.65380859375 0.5615234375 0.4541015625 
0 0.763671875 0.68408203125 0.5849609375 0.4736328125 
0 0.80078125 0.71923828125 0.6044921875 0.4970703125 
0 0.83251953125 0.6767578125 0.6728515625 0.4765625 
