0 0.35400390625 0.69384765625 0.5400390625 0.6826171875 
0 0.2177734375 0.1044921875 0.3740234375 0.208984375 
0 0.90283203125 1.02880859375 0.716796875 0.8095703125 
0 0.8134765625 0.81298828125 0.6669921875 0.6376953125 
0 0.89892578125 0.78125 0.728515625 0.603515625 
0 0.822265625 0.62744140625 0.75 0.4931640625 
0 1.05322265625 1.173828125 0.75 0.833984375 
0 1.0068359375 1.35888671875 0.6171875 0.9482421875 
0 1.04052734375 1.2919921875 0.693359375 0.90234375 
0 0.595703125 1.25927734375 0.2421875 0.8740234375 
0 0.91064453125 1.1669921875 0.5859375 0.8125 
0 0.86669921875 1.15478515625 0.52734375 0.8037109375 
0 0.75390625 1.36083984375 0.4169921875 0.9404296875 
0 0.677734375 1.255859375 0.3359375 0.8671875 
0 0.86865234375 1.2802734375 0.5078125 0.8828125 
0 0.51708984375 1.34716796875 0.1611328125 0.9267578125 
0 0.45166015625 1.37646484375 0.0537109375 0.9462890625 
0 0.77685546875 1.2177734375 0.44921875 0.83984375 
0 0.91943359375 1.10546875 0.5947265625 0.763671875 
0 0.78271484375 1.29248046875 0.412109375 0.8876953125 
0 0.54443359375 1.28564453125 0.185546875 0.8818359375 
0 0.81689453125 1.1943359375 0.48046875 0.81640625 
0 0.91015625 1.25537109375 0.5400390625 0.8935546875 
