1 0.5810546875 0.65185546875 0.5029296875 0.5146484375 
1 0.13623046875 0.46630859375 0.0771484375 0.3876953125 
1 0.861328125 0.7392578125 0.75 0.568359375 
1 0.5009765625 0.94091796875 0.349609375 0.7021484375 
1 0.83447265625 0.56396484375 0.7490234375 0.4501953125 
1 0.62109375 0.857421875 0.5 0.64453125 
1 0.81298828125 1.0869140625 0.6259765625 0.79296875 
1 0.43603515625 1.13330078125 0.177734375 0.8154296875 
1 1.01220703125 1.32177734375 0.7119140625 0.9384765625 
1 0.63720703125 1.103515625 0.375 0.791015625 
1 0.76025390625 1.169921875 0.498046875 0.830078125 
1 0.76171875 0.51611328125 0.7001953125 0.3916015625 
1 0.11474609375 0.33544921875 0.1357421875 0.2705078125 
1 0.71337890625 1.4482421875 0.3291015625 1.0 
1 0.1982421875 0.015625 0.2958984375 0.03125 
