1 0.27294921875 0.40869140625 0.2021484375 0.3154296875 
1 0.35302734375 0.50048828125 0.251953125 0.3701171875 
1 0.509765625 0.443359375 0.43359375 0.328125 
1 0.69677734375 1.0146484375 0.4130859375 0.70703125 
1 0.50341796875 0.53662109375 0.400390625 0.3876953125 
1 0.287109375 0.6787109375 0.11328125 0.482421875 
1 0.302734375 0.13330078125 0.32421875 0.1181640625 
1 0.57275390625 0.26025390625 0.5595703125 0.2021484375 
1 0.19189453125 0.46826171875 0.091796875 0.3408203125 
1 0.466796875 0.43701171875 0.365234375 0.3193359375 
1 0.77392578125 0.974609375 0.494140625 0.677734375 
1 0.8203125 1.1953125 0.4794921875 0.82421875 
1 0.328125 0.8955078125 0.08984375 0.623046875 
1 0.3046875 0.8212890625 0.0888671875 0.572265625 
1 0.6103515625 1.42724609375 0.171875 0.9755859375 
1 0.66650390625 1.29345703125 0.2763671875 0.8857421875 
1 0.28857421875 0.3232421875 0.2314453125 0.23828125 
1 0.87353515625 1.0732421875 0.5419921875 0.73828125 
1 0.8662109375 1.13330078125 0.5185546875 0.7783203125 
1 0.64794921875 0.314453125 0.5615234375 0.232421875 
1 0.650390625 0.4560546875 0.54296875 0.326171875 
1 0.4501953125 0.7587890625 0.2431640625 0.525390625 
1 0.505859375 0.6357421875 0.3427734375 0.443359375 
1 0.77880859375 1.47119140625 0.341796875 0.9990234375 
1 0.20703125 0.60400390625 0.068359375 0.4189453125 
1 0.2314453125 0.0068359375 0.2763671875 0.013671875 
