6 0.58837890625 1.03125 0.408203125 0.748046875 
0 0.255859375 0.12646484375 0.28125 0.1357421875 
4 0.31787109375 0.32177734375 0.3466796875 0.2509765625 
0 0.2822265625 0.30224609375 0.2353515625 0.2373046875 
4 0.703125 0.4560546875 0.6025390625 0.333984375 
0 0.04345703125 0.15234375 0.0712890625 0.130859375 
4 0.185546875 0.216796875 0.25 0.171875 
0 0.05517578125 0.18603515625 0.01953125 0.1513671875 
0 0.09814453125 0.2060546875 0.111328125 0.1640625 
4 0.66064453125 0.501953125 0.5546875 0.361328125 
4 0.56005859375 0.50732421875 0.439453125 0.3642578125 
6 0.81982421875 0.7705078125 0.6552734375 0.5390625 
4 0.5400390625 0.708984375 0.453125 0.49609375 
0 0.16748046875 0.29150390625 0.14453125 0.2177734375 
0 0.5322265625 0.2763671875 0.51953125 0.205078125 
0 0.44677734375 0.30908203125 0.4130859375 0.2255859375 
0 0.32568359375 0.31103515625 0.2763671875 0.2255859375 
0 0.23828125 0.27099609375 0.2177734375 0.1982421875 
0 0.51904296875 0.38671875 0.453125 0.275390625 
4 0.42333984375 0.63525390625 0.2919921875 0.4404296875 
0 0.60009765625 0.35986328125 0.5478515625 0.2568359375 
0 0.60546875 0.28759765625 0.578125 0.2080078125 
0 0.64794921875 0.318359375 0.6181640625 0.228515625 
0 0.47607421875 0.3564453125 0.4208984375 0.25390625 
0 0.34326171875 0.2763671875 0.3056640625 0.19921875 
0 0.5400390625 0.3505859375 0.470703125 0.248046875 
0 0.70068359375 0.30810546875 0.654296875 0.2197265625 
0 0.54345703125 0.33740234375 0.4794921875 0.2392578125 
0 0.66064453125 0.3486328125 0.6083984375 0.24609375 
0 0.55615234375 0.31640625 0.5048828125 0.224609375 
0 0.8134765625 0.51806640625 0.66796875 0.3564453125 
0 0.79150390625 0.51123046875 0.6318359375 0.3486328125 
0 0.85302734375 0.51953125 0.689453125 0.353515625 
