0 0.3486328125 0.1416015625 0.369140625 0.169921875 
0 0.52490234375 0.72802734375 0.337890625 0.5478515625 
0 0.32421875 0.18115234375 0.337890625 0.1826171875 
0 0.3876953125 0.60546875 0.234375 0.46484375 
0 0.39892578125 0.703125 0.2529296875 0.525390625 
0 0.36669921875 0.63427734375 0.2060546875 0.4736328125 
0 0.40380859375 0.5751953125 0.271484375 0.43359375 
0 0.25732421875 0.69189453125 0.0712890625 0.5107421875 
0 0.6591796875 0.46923828125 0.5498046875 0.3603515625 
0 0.337890625 0.7001953125 0.15234375 0.513671875 
0 0.462890625 0.53173828125 0.373046875 0.3994140625 
0 0.416015625 0.37548828125 0.345703125 0.2939453125 
0 0.3974609375 0.8232421875 0.1767578125 0.591796875 
0 0.40380859375 0.95361328125 0.13671875 0.6787109375 
0 0.47998046875 0.42919921875 0.3857421875 0.3291015625 
0 0.58984375 0.998046875 0.302734375 0.70703125 
0 0.3603515625 0.8369140625 0.119140625 0.599609375 
0 0.36083984375 0.76220703125 0.150390625 0.5498046875 
0 0.49560546875 0.662109375 0.3115234375 0.482421875 
0 0.38720703125 0.75634765625 0.169921875 0.5419921875 
0 0.359375 0.40478515625 0.2978515625 0.3017578125 
0 0.44287109375 0.314453125 0.3935546875 0.240234375 
0 0.51220703125 1.05517578125 0.1982421875 0.7333984375 
0 0.31005859375 0.22802734375 0.263671875 0.1806640625 
0 0.517578125 1.00732421875 0.2294921875 0.6982421875 
0 0.4228515625 0.13427734375 0.416015625 0.1162109375 
0 0.41845703125 1.08642578125 0.0849609375 0.7490234375 
0 0.10205078125 0.09375 0.09765625 0.083984375 
