4 0.576171875 0.9072265625 0.5908203125 0.744140625 
4 0.38623046875 0.541015625 0.6611328125 0.490234375 
4 0.412109375 1.30517578125 0.181640625 0.9619140625 
0 0.31494140625 0.85693359375 0.1318359375 0.6181640625 
0 0.60546875 0.21875 0.671875 0.1875 
0 0.478515625 0.32958984375 0.49609375 0.2568359375 
0 0.0947265625 0.31201171875 0.0888671875 0.2451171875 
0 0.19873046875 0.4111328125 0.1953125 0.30859375 
0 0.37744140625 0.25732421875 0.3994140625 0.2041015625 
0 0.64453125 0.30810546875 0.6728515625 0.2373046875 
0 0.42529296875 0.1416015625 0.4775390625 0.125 
6 0.47705078125 1.02880859375 0.2314453125 0.7158203125 
0 0.5087890625 0.232421875 0.537109375 0.18359375 
0 0.3837890625 0.02001953125 0.4736328125 0.0400390625 
0 0.48193359375 0.2138671875 0.490234375 0.16796875 
4 0.9580078125 1.0341796875 0.75 0.748046875 
