1 0.66943359375 1.28564453125 0.3662109375 0.9326171875 
1 0.44384765625 0.498046875 0.373046875 0.388671875 
1 0.8125 1.400390625 0.4365234375 0.98046875 
1 0.58984375 0.4765625 0.50390625 0.36328125 
1 0.25439453125 0.72998046875 0.0732421875 0.5244140625 
1 0.43896484375 0.36669921875 0.3828125 0.2783203125 
1 0.587890625 0.68896484375 0.4208984375 0.4912109375 
1 0.57666015625 1.21728515625 0.22265625 0.8427734375 
1 0.31787109375 0.9765625 0.0263671875 0.681640625 
1 0.5361328125 0.9404296875 0.265625 0.654296875 
1 0.26904296875 0.10009765625 0.291015625 0.0927734375 
1 0.2783203125 0.841796875 0.0439453125 0.58203125 
1 0.306640625 0.291015625 0.248046875 0.21484375 
1 0.298828125 0.8955078125 0.041015625 0.615234375 
1 0.48779296875 1.2236328125 0.1064453125 0.828125 
1 0.37646484375 1.00341796875 0.0712890625 0.6806640625 
1 0.5234375 0.62109375 0.3515625 0.42578125 
1 0.6259765625 1.08349609375 0.2861328125 0.7333984375 
