6 0.45361328125 0.1416015625 0.5224609375 0.1953125 
0 1.0283203125 0.359375 0.9990234375 0.296875 
0 0.81884765625 0.3525390625 0.7333984375 0.27734375 
0 0.40966796875 0.36181640625 0.3203125 0.2802734375 
0 0.62841796875 0.21630859375 0.583984375 0.1767578125 
0 0.529296875 0.87451171875 0.2734375 0.6083984375 
0 1.10302734375 0.49169921875 0.9580078125 0.3525390625 
0 0.90869140625 0.98876953125 0.6025390625 0.6787109375 
0 0.51416015625 0.958984375 0.228515625 0.658203125 
0 1.11376953125 0.9990234375 0.7998046875 0.68359375 
0 0.9384765625 0.5927734375 0.77734375 0.412109375 
0 1.27197265625 0.99267578125 0.9638671875 0.6787109375 
0 1.22509765625 1.056640625 0.89453125 0.720703125 
0 0.70068359375 0.44140625 0.568359375 0.310546875 
0 1.140625 0.9697265625 0.8359375 0.662109375 
0 0.51611328125 0.341796875 0.4111328125 0.240234375 
0 0.619140625 0.36328125 0.5146484375 0.25390625 
0 0.9208984375 0.90625 0.6328125 0.61328125 
0 0.6748046875 0.38427734375 0.55859375 0.2646484375 
0 0.93017578125 0.986328125 0.619140625 0.666015625 
0 0.56494140625 0.4326171875 0.4306640625 0.29296875 
6 0.41162109375 0.50146484375 0.3369140625 0.4384765625 
