0 0.54052734375 0.201171875 0.6015625 0.244140625 
0 0.546875 0.4384765625 0.6044921875 0.365234375 
4 0.5263671875 0.79150390625 0.515625 0.5986328125 
0 0.82177734375 0.666015625 0.6640625 0.498046875 
0 0.18017578125 0.5166015625 0.1787109375 0.39453125 
0 0.81005859375 0.57177734375 0.75 0.4306640625 
4 0.662109375 0.9375 0.525390625 0.66796875 
0 0.21826171875 0.6806640625 0.0947265625 0.48828125 
0 0.89404296875 0.67138671875 0.7490234375 0.4814453125 
0 0.40673828125 0.5712890625 0.337890625 0.41015625 
0 0.5791015625 0.572265625 0.5009765625 0.41015625 
0 0.703125 0.65380859375 0.6025390625 0.4638671875 
0 0.80810546875 0.6875 0.68359375 0.486328125 
0 0.5888671875 0.6591796875 0.48046875 0.466796875 
0 0.294921875 0.61181640625 0.216796875 0.4345703125 
0 0.28662109375 0.58056640625 0.189453125 0.4130859375 
0 0.38623046875 0.609375 0.2763671875 0.431640625 
0 0.1806640625 0.560546875 0.0234375 0.3984375 
0 0.2568359375 0.31396484375 0.41015625 0.2880859375 
