0 0.45703125 1.28173828125 0.2373046875 0.9931640625 
0 0.65869140625 1.25390625 0.447265625 0.962890625 
0 0.65234375 0.95703125 0.6796875 0.76171875 
0 0.365234375 0.130859375 0.5849609375 0.19921875 
0 0.6689453125 1.2314453125 0.4716796875 0.931640625 
0 0.859375 0.78955078125 0.75 0.6220703125 
0 0.3486328125 0.7412109375 0.283203125 0.580078125 
0 0.65673828125 0.43115234375 0.7490234375 0.3720703125 
0 0.61328125 1.0078125 0.37890625 0.75 
0 0.35107421875 0.55224609375 0.330078125 0.4423828125 
0 0.24560546875 0.54443359375 0.2255859375 0.4345703125 
0 0.353515625 1.11181640625 0.083984375 0.8095703125 
0 0.359375 0.51318359375 0.400390625 0.4091796875 
0 0.69677734375 0.25732421875 0.75 0.2392578125 
0 0.6494140625 0.517578125 0.7158203125 0.41015625 
0 0.3984375 1.0791015625 0.1455078125 0.783203125 
0 0.63037109375 1.1328125 0.5673828125 0.818359375 
0 0.93798828125 1.40673828125 0.650390625 0.9990234375 
0 0.41650390625 0.3662109375 0.474609375 0.3046875 
0 0.43603515625 0.95458984375 0.267578125 0.6962890625 
0 1.08251953125 1.197265625 0.75 0.857421875 
0 0.05517578125 0.20849609375 0.068359375 0.1962890625 
0 0.5498046875 0.7919921875 0.4775390625 0.580078125 
0 0.31982421875 0.4345703125 0.3623046875 0.33984375 
0 0.47998046875 0.03759765625 0.7490234375 0.0732421875 
0 0.29052734375 0.81396484375 0.1513671875 0.5869140625 
0 0.4033203125 1.24169921875 0.0234375 0.8701171875 
0 0.15771484375 0.37841796875 0.080078125 0.2939453125 
0 0.19580078125 0.6181640625 0.068359375 0.453125 
0 0.265625 0.7421875 0.1416015625 0.53515625 
0 0.220703125 0.51220703125 0.1572265625 0.3798828125 
0 0.3017578125 0.04443359375 0.4609375 0.0654296875 
0 0.27783203125 0.85498046875 0.076171875 0.6025390625 
0 0.0 0.01904296875 0.0322265625 0.0380859375 
0 0.1689453125 0.015625 0.228515625 0.03125 
0 0.1357421875 0.20947265625 0.2578125 0.1962890625 
