4 0.0732421875 0.05615234375 0.3037109375 0.1083984375 
4 0.04638671875 0.189453125 0.08984375 0.197265625 
4 0.29248046875 0.57177734375 0.2431640625 0.4345703125 
4 0.4716796875 0.37451171875 0.4521484375 0.2998046875 
4 0.68994140625 0.52197265625 0.716796875 0.3935546875 
0 0.150390625 0.11328125 0.2158203125 0.109375 
0 0.44189453125 0.1484375 0.47265625 0.130859375 
0 0.6748046875 0.1650390625 0.685546875 0.138671875 
0 0.35546875 0.29248046875 0.3525390625 0.2216796875 
0 0.57958984375 0.22900390625 0.5771484375 0.1787109375 
0 0.8017578125 0.359375 0.7490234375 0.265625 
0 0.2216796875 0.2060546875 0.2626953125 0.162109375 
0 0.36669921875 0.2685546875 0.369140625 0.203125 
0 0.56005859375 0.27099609375 0.55078125 0.2041015625 
0 0.51708984375 0.22412109375 0.5380859375 0.1728515625 
0 0.6875 0.2607421875 0.6748046875 0.197265625 
0 0.21826171875 0.21826171875 0.2412109375 0.1689453125 
0 0.63037109375 0.2470703125 0.6025390625 0.1875 
0 0.52392578125 0.205078125 0.52734375 0.158203125 
6 0.61279296875 0.73828125 0.4423828125 0.513671875 
0 0.7392578125 0.22119140625 0.7333984375 0.1689453125 
0 0.716796875 0.66015625 0.5673828125 0.4609375 
0 0.47509765625 0.19580078125 0.4755859375 0.1513671875 
0 0.64208984375 0.201171875 0.6455078125 0.154296875 
0 0.7880859375 0.65087890625 0.6298828125 0.4501953125 
