0 0.474609375 1.2373046875 0.189453125 0.888671875 
4 0.369140625 0.6044921875 0.302734375 0.451171875 
0 0.25830078125 0.0849609375 0.3193359375 0.1015625 
0 0.0712890625 0.24072265625 0.0693359375 0.2041015625 
4 0.49951171875 0.83935546875 0.3759765625 0.5986328125 
4 0.7001953125 0.6767578125 0.6572265625 0.490234375 
0 0.3046875 0.08740234375 0.3876953125 0.0966796875 
0 0.48291015625 0.69482421875 0.376953125 0.5009765625 
0 0.2763671875 0.85595703125 0.1171875 0.6064453125 
0 0.392578125 0.3115234375 0.3818359375 0.236328125 
0 0.1923828125 0.5986328125 0.0654296875 0.427734375 
0 0.32861328125 0.27392578125 0.3203125 0.2060546875 
0 0.29541015625 0.021484375 0.39453125 0.037109375 
0 0.85546875 0.43701171875 0.75 0.3388671875 
