4 0.6953125 0.6376953125 0.7021484375 0.478515625 
4 0.91845703125 0.81494140625 0.75 0.5927734375 
0 0.68359375 1.154296875 0.4189453125 0.81640625 
4 0.48828125 0.79931640625 0.3515625 0.5751953125 
0 0.19140625 0.10302734375 0.29296875 0.1005859375 
0 0.3330078125 0.650390625 0.259765625 0.46484375 
0 0.2568359375 0.29443359375 0.2861328125 0.2255859375 
0 0.2373046875 0.24462890625 0.279296875 0.1923828125 
4 0.6337890625 0.7041015625 0.599609375 0.494140625 
0 0.20166015625 0.169921875 0.2412109375 0.134765625 
