2 0.21826171875 0.69873046875 0.0244140625 0.5244140625 
2 0.75341796875 0.76611328125 0.5556640625 0.5615234375 
2 0.66748046875 0.7802734375 0.46875 0.56640625 
2 0.81640625 0.77587890625 0.61328125 0.5634765625 
2 0.578125 0.77197265625 0.3740234375 0.5556640625 
2 0.4140625 1.01953125 0.208984375 0.71875 
2 0.43798828125 0.73828125 0.2373046875 0.529296875 
2 0.3369140625 0.7421875 0.1328125 0.53125 
2 0.4072265625 0.7509765625 0.20703125 0.537109375 
2 0.87841796875 0.73486328125 0.6796875 0.5263671875 
2 0.54052734375 0.7783203125 0.3369140625 0.5546875 
2 0.59765625 1.00244140625 0.4365234375 0.6962890625 
2 0.92138671875 0.7099609375 0.7275390625 0.5 
2 0.31005859375 0.7470703125 0.0966796875 0.5234375 
2 0.39404296875 0.76025390625 0.1787109375 0.5302734375 
2 0.37890625 0.75830078125 0.1474609375 0.5244140625 
2 0.27880859375 0.7587890625 0.0537109375 0.5234375 
2 0.48046875 0.77783203125 0.26953125 0.5322265625 
2 0.9072265625 0.63037109375 0.7275390625 0.4443359375 
