0 0.25341796875 0.42041015625 0.330078125 0.4404296875 
0 0.45654296875 0.90283203125 0.3662109375 0.7490234375 
0 0.14501953125 0.3291015625 0.2646484375 0.34375 
0 0.51025390625 0.54638671875 0.4794921875 0.4775390625 
0 0.2060546875 0.57666015625 0.18359375 0.4970703125 
0 0.91064453125 0.44580078125 1.0 0.4013671875 
0 0.35791015625 0.96923828125 0.220703125 0.7490234375 
0 0.802734375 0.7626953125 0.7705078125 0.599609375 
0 0.978515625 0.55419921875 0.998046875 0.4287109375 
0 0.8388671875 1.00048828125 0.74609375 0.7236328125 
4 0.62109375 0.2294921875 0.8818359375 0.458984375 
