4 0.6630859375 0.486328125 0.5732421875 0.4296875 
4 0.30859375 0.22021484375 0.3212890625 0.2099609375 
4 0.57666015625 0.1025390625 0.669921875 0.11328125 
4 0.52099609375 0.52490234375 0.4375 0.3916015625 
4 0.4423828125 0.587890625 0.3173828125 0.42578125 
0 0.72021484375 1.02392578125 0.4033203125 0.7138671875 
0 0.76318359375 0.97216796875 0.4716796875 0.6767578125 
0 0.662109375 0.97265625 0.369140625 0.67578125 
0 0.57861328125 0.7890625 0.333984375 0.552734375 
0 0.67626953125 0.62451171875 0.4912109375 0.4423828125 
0 0.5458984375 0.85400390625 0.2861328125 0.5947265625 
0 0.9384765625 0.95947265625 0.646484375 0.6611328125 
0 0.7060546875 1.07666015625 0.3662109375 0.7314453125 
0 0.796875 0.70166015625 0.5771484375 0.4814453125 
0 0.81640625 0.7060546875 0.59765625 0.482421875 
0 0.7958984375 0.6591796875 0.591796875 0.451171875 
0 0.58447265625 0.82958984375 0.3203125 0.5634765625 
0 0.4736328125 0.3095703125 0.380859375 0.216796875 
0 0.4794921875 0.42041015625 0.353515625 0.2900390625 
0 0.51806640625 0.48681640625 0.3662109375 0.3310546875 
0 0.533203125 0.49951171875 0.3779296875 0.3388671875 
0 0.42431640625 0.40966796875 0.2998046875 0.2783203125 
0 0.61962890625 0.8486328125 0.36328125 0.59375 
