0 0.517578125 1.29736328125 0.205078125 0.9423828125 
4 0.53515625 0.64794921875 0.46875 0.4951171875 
0 0.1748046875 0.4384765625 0.181640625 0.349609375 
4 0.50634765625 0.763671875 0.4345703125 0.564453125 
0 0.17626953125 0.54052734375 0.1923828125 0.4150390625 
4 0.69189453125 0.783203125 0.5947265625 0.572265625 
0 0.4033203125 0.451171875 0.388671875 0.34375 
0 0.279296875 0.58203125 0.2177734375 0.42578125 
0 0.17919921875 0.50439453125 0.130859375 0.3701171875 
0 0.44921875 0.4658203125 0.416015625 0.361328125 
