2 0.79736328125 0.90625 0.5654296875 0.658203125 
2 0.46630859375 0.8203125 0.234375 0.583984375 
2 0.3603515625 0.82666015625 0.126953125 0.5869140625 
2 0.3984375 0.82958984375 0.15234375 0.5849609375 
2 0.29150390625 0.833984375 0.0791015625 0.587890625 
2 0.42578125 0.8291015625 0.17578125 0.583984375 
2 0.52783203125 0.77392578125 0.3212890625 0.5458984375 
2 0.67578125 0.712890625 0.4765625 0.50390625 
2 0.314453125 0.81103515625 0.087890625 0.5673828125 
2 0.49609375 0.7802734375 0.2646484375 0.544921875 
2 0.27880859375 0.787109375 0.05078125 0.548828125 
2 0.763671875 0.71240234375 0.5615234375 0.4951171875 
2 0.44482421875 0.84765625 0.2041015625 0.583984375 
2 0.6484375 0.81494140625 0.41015625 0.5595703125 
2 0.27197265625 0.8251953125 0.01953125 0.5625 
2 0.83935546875 1.09912109375 0.6953125 0.7822265625 
