6 0.4921875 0.46142578125 0.412109375 0.3798828125 
4 0.5615234375 0.6787109375 0.3916015625 0.517578125 
0 0.9462890625 0.87353515625 0.6826171875 0.6337890625 
0 0.9111328125 0.9521484375 0.6240234375 0.685546875 
0 0.72216796875 0.75341796875 0.5078125 0.5478515625 
0 0.64990234375 0.4794921875 0.5205078125 0.3515625 
0 0.68359375 0.78076171875 0.439453125 0.5419921875 
0 0.671875 0.67041015625 0.46484375 0.4658203125 
0 0.80126953125 0.85888671875 0.5478515625 0.5869140625 
0 0.82861328125 0.8369140625 0.5693359375 0.5703125 
0 0.666015625 0.96923828125 0.3515625 0.6572265625 
0 0.6552734375 0.998046875 0.3349609375 0.67578125 
0 0.93017578125 1.060546875 0.5947265625 0.716796875 
0 0.53076171875 0.82861328125 0.2626953125 0.5615234375 
0 0.697265625 0.65087890625 0.49609375 0.4423828125 
0 0.63818359375 0.96875 0.32421875 0.654296875 
0 0.62841796875 0.47900390625 0.4912109375 0.3271484375 
0 0.5302734375 0.787109375 0.2734375 0.53125 
0 0.66015625 0.923828125 0.36328125 0.62109375 
0 0.6923828125 0.95556640625 0.3837890625 0.6416015625 
