2 0.302734375 0.57470703125 0.982421875 0.5751953125 
2 1.0322265625 0.3232421875 0.9716796875 0.244140625 
2 0.1796875 0.3876953125 0.0908203125 0.287109375 
2 0.3857421875 0.38134765625 0.2958984375 0.2783203125 
2 0.22509765625 0.3916015625 0.1298828125 0.28515625 
2 0.33447265625 0.3916015625 0.2373046875 0.28515625 
2 0.27587890625 0.39306640625 0.1826171875 0.2841796875 
2 0.162109375 0.38720703125 0.0556640625 0.2783203125 
2 0.41455078125 0.3505859375 0.3203125 0.25390625 
2 0.9658203125 0.32275390625 0.91015625 0.2587890625 
