0 0.74853515625 0.88916015625 0.5322265625 0.6435546875 
0 0.78125 0.80078125 0.5615234375 0.58203125 
0 0.63720703125 0.89501953125 0.41796875 0.6318359375 
0 0.509765625 0.3330078125 0.474609375 0.255859375 
0 0.44482421875 0.25537109375 0.44921875 0.2041015625 
0 0.6142578125 0.4072265625 0.5615234375 0.302734375 
0 0.4462890625 0.669921875 0.2724609375 0.46875 
0 0.51806640625 0.720703125 0.3271484375 0.498046875 
0 0.4443359375 0.6181640625 0.2763671875 0.427734375 
0 0.50634765625 0.60302734375 0.3251953125 0.4072265625 
6 0.28662109375 0.54638671875 0.34375 0.4228515625 
