3 0.66650390625 0.81884765625 0.6513671875 0.6279296875 
3 0.57275390625 0.4248046875 0.5498046875 0.34765625 
3 0.72314453125 0.4248046875 0.65625 0.33984375 
3 0.7705078125 0.4140625 0.693359375 0.33203125 
3 0.6669921875 0.4189453125 0.572265625 0.326171875 
3 0.228515625 0.412109375 0.1494140625 0.3203125 
3 0.458984375 0.36474609375 0.3916015625 0.2880859375 
3 0.71435546875 0.21240234375 0.703125 0.1845703125 
3 0.76416015625 0.23095703125 0.744140625 0.1943359375 
3 0.310546875 0.41943359375 0.2109375 0.3193359375 
3 0.3408203125 0.408203125 0.265625 0.30859375 
3 0.2216796875 0.490234375 0.1318359375 0.3515625 
