2 0.42578125 0.67041015625 0.2880859375 0.5166015625 
2 0.42041015625 0.67236328125 0.23828125 0.5107421875 
2 0.79443359375 0.76806640625 0.58984375 0.5537109375 
2 0.9072265625 0.791015625 0.7275390625 0.56640625 
2 0.2451171875 0.7646484375 0.037109375 0.548828125 
2 0.77099609375 0.77880859375 0.564453125 0.5517578125 
2 0.64013671875 0.72021484375 0.4453125 0.5126953125 
2 0.60595703125 0.73388671875 0.4130859375 0.5205078125 
2 0.5595703125 0.7177734375 0.3642578125 0.505859375 
2 0.73046875 0.96630859375 0.552734375 0.6669921875 
2 0.2958984375 0.74951171875 0.068359375 0.5185546875 
2 0.279296875 0.74267578125 0.0517578125 0.5166015625 
