0 0.55810546875 0.11474609375 0.728515625 0.2275390625 
0 0.11328125 0.076171875 0.3203125 0.15234375 
0 0.322265625 0.06396484375 0.3974609375 0.1279296875 
4 0.64990234375 0.75927734375 0.5302734375 0.5830078125 
0 0.4130859375 0.39306640625 0.3662109375 0.3291015625 
4 0.31005859375 0.76708984375 0.15234375 0.5673828125 
4 0.646484375 0.96435546875 0.4345703125 0.6982421875 
0 0.26513671875 0.66943359375 0.1181640625 0.4970703125 
0 0.37060546875 0.56884765625 0.2373046875 0.4287109375 
0 0.3447265625 0.6484375 0.2021484375 0.4765625 
0 0.61865234375 0.5322265625 0.5712890625 0.3984375 
0 0.2744140625 0.85595703125 0.037109375 0.6142578125 
0 0.34912109375 0.46484375 0.3017578125 0.353515625 
0 0.42919921875 0.658203125 0.2646484375 0.482421875 
0 0.29736328125 0.5634765625 0.212890625 0.41015625 
0 0.296875 0.916015625 0.0322265625 0.64453125 
0 0.19580078125 0.61279296875 0.1025390625 0.4423828125 
0 0.501953125 0.4052734375 0.4462890625 0.302734375 
0 0.21435546875 0.66748046875 0.083984375 0.4775390625 
0 0.49462890625 0.4560546875 0.41015625 0.3359375 
0 0.3974609375 0.56640625 0.263671875 0.40625 
0 0.54248046875 0.53564453125 0.466796875 0.4091796875 
