0 0.44091796875 0.25634765625 0.486328125 0.2646484375 
0 0.73388671875 0.330078125 0.81640625 0.306640625 
0 0.70751953125 0.9765625 0.5107421875 0.736328125 
0 0.033203125 0.14404296875 0.0751953125 0.1748046875 
0 0.51953125 0.48779296875 0.4453125 0.3935546875 
0 0.93310546875 0.99853515625 0.712890625 0.7177734375 
0 0.58447265625 0.96240234375 0.4375 0.6923828125 
0 0.43017578125 1.04736328125 0.17578125 0.7490234375 
0 0.48681640625 1.02685546875 0.2197265625 0.7353515625 
0 0.28564453125 0.7890625 0.076171875 0.572265625 
0 0.447265625 0.46142578125 0.349609375 0.3486328125 
0 0.181640625 0.43701171875 0.0908203125 0.3232421875 
0 0.04296875 0.02099609375 0.0927734375 0.0419921875 
