0 0.65576171875 0.93994140625 0.427734375 0.6708984375 
0 0.60107421875 0.86767578125 0.3828125 0.6240234375 
0 0.57177734375 0.8310546875 0.3603515625 0.6015625 
0 0.5283203125 0.791015625 0.3046875 0.56640625 
0 0.68701171875 0.81494140625 0.4951171875 0.5927734375 
0 0.6953125 0.7353515625 0.51953125 0.533203125 
0 0.6201171875 0.74853515625 0.4501953125 0.5439453125 
0 0.6259765625 0.80078125 0.41015625 0.55859375 
0 0.63720703125 0.58984375 0.525390625 0.443359375 
0 0.63427734375 0.4150390625 0.6015625 0.34375 
0 0.62841796875 0.46728515625 0.5380859375 0.3427734375 
0 0.5234375 0.51416015625 0.4267578125 0.3720703125 
0 0.533203125 0.40966796875 0.458984375 0.3115234375 
0 0.48046875 0.361328125 0.435546875 0.28125 
0 0.560546875 0.1953125 0.568359375 0.1796875 
0 0.4462890625 0.07080078125 0.5234375 0.1337890625 
0 0.7001953125 0.873046875 0.4697265625 0.59375 
0 0.57470703125 0.38330078125 0.5205078125 0.2802734375 
0 0.52197265625 0.14306640625 0.52734375 0.1318359375 
