0 0.5087890625 0.74267578125 0.3466796875 0.5322265625 
0 0.76123046875 0.79638671875 0.5615234375 0.5751953125 
0 0.33056640625 0.47900390625 0.2548828125 0.3583984375 
0 0.48046875 0.3642578125 0.455078125 0.287109375 
0 0.32421875 0.3095703125 0.296875 0.244140625 
0 0.22998046875 0.326171875 0.1826171875 0.248046875 
0 0.27490234375 0.34423828125 0.205078125 0.2646484375 
0 0.22802734375 0.3583984375 0.1533203125 0.26953125 
0 0.462890625 0.17431640625 0.4619140625 0.1376953125 
0 0.18212890625 0.20263671875 0.1533203125 0.1611328125 
0 0.43505859375 0.1025390625 0.4560546875 0.08984375 
0 0.38525390625 0.0546875 0.4111328125 0.064453125 
0 0.36669921875 0.6083984375 0.216796875 0.453125 
0 0.28759765625 0.2900390625 0.2353515625 0.22265625 
0 0.32568359375 0.17919921875 0.3037109375 0.1494140625 
0 0.56884765625 0.17919921875 0.5615234375 0.1845703125 
