0 0.3603515625 0.33349609375 0.615234375 0.3701171875 
4 0.0 0.07763671875 0.4501953125 0.1552734375 
0 0.4638671875 0.529296875 0.369140625 0.41015625 
0 0.52294921875 1.240234375 0.255859375 0.873046875 
4 0.6904296875 1.033203125 0.484375 0.73046875 
4 0.61572265625 0.96044921875 0.40234375 0.6806640625 
0 0.3916015625 0.6298828125 0.2900390625 0.455078125 
0 0.43603515625 0.689453125 0.26171875 0.494140625 
0 0.3974609375 0.56640625 0.298828125 0.41015625 
0 0.4990234375 0.70654296875 0.33984375 0.5029296875 
0 0.2119140625 0.65771484375 0.05859375 0.4677734375 
0 0.2607421875 0.80419921875 0.052734375 0.5654296875 
0 0.2998046875 0.92138671875 0.07421875 0.6435546875 
0 0.33154296875 0.61767578125 0.2080078125 0.4404296875 
0 0.25830078125 0.6640625 0.130859375 0.470703125 
0 0.33935546875 0.763671875 0.1630859375 0.537109375 
0 0.3427734375 0.6728515625 0.1923828125 0.474609375 
0 0.5166015625 0.638671875 0.392578125 0.44921875 
0 0.45263671875 0.73583984375 0.2685546875 0.5126953125 
