2 0.57763671875 0.703125 0.66796875 0.568359375 
2 0.6650390625 0.501953125 0.5576171875 0.37890625 
2 0.767578125 0.50341796875 0.650390625 0.3779296875 
2 0.53466796875 0.5634765625 0.3984375 0.41015625 
2 0.94482421875 0.4697265625 0.833984375 0.34765625 
2 0.7421875 0.51513671875 0.609375 0.3740234375 
2 0.62744140625 0.5341796875 0.4921875 0.38671875 
2 0.61865234375 0.53076171875 0.4716796875 0.3798828125 
2 0.89306640625 0.49560546875 0.7578125 0.3564453125 
2 0.8818359375 0.48681640625 0.7490234375 0.3486328125 
2 0.84228515625 0.52197265625 0.685546875 0.3662109375 
2 0.86083984375 0.5224609375 0.7138671875 0.36328125 
2 0.955078125 0.431640625 0.841796875 0.3125 
