0 0.54052734375 0.21826171875 0.5712890625 0.2236328125 
0 0.61083984375 0.228515625 0.6201171875 0.228515625 
0 0.76416015625 0.4365234375 0.7333984375 0.36328125 
0 0.435546875 0.05322265625 0.5302734375 0.1064453125 
0 0.22900390625 0.71630859375 0.046875 0.5439453125 
0 0.81201171875 0.86767578125 0.64453125 0.6435546875 
0 0.65966796875 0.548828125 0.576171875 0.427734375 
0 0.91259765625 0.42578125 0.8427734375 0.345703125 
0 0.67431640625 0.45166015625 0.609375 0.3623046875 
0 0.60791015625 0.85791015625 0.3798828125 0.6318359375 
0 0.51025390625 0.24267578125 0.501953125 0.2216796875 
0 0.708984375 0.3115234375 0.689453125 0.267578125 
0 0.6923828125 0.3984375 0.6640625 0.32421875 
0 0.486328125 0.72021484375 0.298828125 0.5380859375 
0 0.59130859375 0.4765625 0.5205078125 0.369140625 
0 0.36669921875 0.3896484375 0.2861328125 0.3046875 
0 0.40185546875 0.6005859375 0.2431640625 0.4453125 
0 0.44482421875 0.45068359375 0.3330078125 0.3447265625 
0 0.52880859375 0.67333984375 0.3447265625 0.4931640625 
0 0.32177734375 0.6015625 0.158203125 0.443359375 
0 0.73046875 0.5908203125 0.6171875 0.435546875 
0 0.79541015625 0.68212890625 0.62890625 0.4951171875 
0 0.40380859375 0.32666015625 0.33984375 0.2568359375 
0 0.57275390625 0.7685546875 0.3544921875 0.55078125 
0 0.30029296875 0.4775390625 0.1796875 0.35546875 
0 0.3603515625 0.48291015625 0.234375 0.3564453125 
0 0.4775390625 0.1767578125 0.46875 0.150390625 
0 0.4208984375 0.2578125 0.3662109375 0.203125 
0 0.22216796875 0.56103515625 0.064453125 0.4052734375 
0 0.4775390625 0.58154296875 0.3154296875 0.4169921875 
0 0.50390625 0.58740234375 0.3486328125 0.4208984375 
0 0.47900390625 0.34765625 0.4130859375 0.255859375 
0 0.71142578125 0.78369140625 0.4755859375 0.5458984375 
0 0.791015625 0.97216796875 0.4931640625 0.6708984375 
0 0.72265625 0.9775390625 0.4306640625 0.673828125 
0 0.4775390625 0.27392578125 0.423828125 0.2041015625 
0 0.24755859375 0.1728515625 0.2138671875 0.13671875 
0 0.77001953125 0.826171875 0.517578125 0.572265625 
0 0.1845703125 0.01416015625 0.2080078125 0.0283203125 
0 1.0126953125 0.69384765625 0.837890625 0.4814453125 
0 0.71484375 0.828125 0.4521484375 0.5703125 
0 0.72021484375 0.93115234375 0.4306640625 0.6376953125 
0 0.73779296875 0.8603515625 0.4677734375 0.58984375 
0 0.33056640625 0.21484375 0.2763671875 0.158203125 
0 0.2744140625 0.189453125 0.2412109375 0.140625 
0 0.2353515625 0.125 0.224609375 0.09765625 
0 0.2919921875 0.24365234375 0.224609375 0.1748046875 
0 0.7060546875 0.83544921875 0.4423828125 0.5693359375 
0 0.24658203125 0.2421875 0.189453125 0.173828125 
0 0.28076171875 0.08349609375 0.2724609375 0.0673828125 
0 0.337890625 0.16357421875 0.3056640625 0.1201171875 
0 0.35546875 0.150390625 0.3203125 0.109375 
0 1.23779296875 0.88671875 0.943359375 0.591796875 
6 0.4609375 0.53759765625 0.3876953125 0.5166015625 
