1 0.83984375 0.96044921875 0.6884765625 0.7138671875 
1 0.60498046875 0.86962890625 0.5341796875 0.6474609375 
1 0.447265625 1.103515625 0.173828125 0.7890625 
1 0.5283203125 0.94189453125 0.369140625 0.6806640625 
1 0.60498046875 1.22119140625 0.3046875 0.8623046875 
1 0.45458984375 0.8935546875 0.341796875 0.640625 
1 0.529296875 1.08447265625 0.2587890625 0.7626953125 
1 0.70849609375 0.70361328125 0.5966796875 0.5029296875 
1 0.9453125 0.7880859375 0.7451171875 0.552734375 
1 0.775390625 0.5009765625 0.6806640625 0.357421875 
1 0.3203125 0.97705078125 0.080078125 0.6728515625 
1 1.02001953125 1.0322265625 0.744140625 0.70703125 
1 0.39306640625 1.0009765625 0.189453125 0.69921875 
