1 0.35791015625 0.83935546875 0.2421875 0.6572265625 
1 0.58837890625 0.9052734375 0.4423828125 0.68359375 
1 0.55517578125 0.646484375 0.4765625 0.517578125 
1 0.552734375 0.8154296875 0.400390625 0.599609375 
1 0.466796875 1.12158203125 0.1943359375 0.8212890625 
1 0.439453125 1.3359375 0.140625 0.9765625 
1 0.6591796875 1.1953125 0.3935546875 0.875 
1 0.69091796875 1.15185546875 0.470703125 0.8525390625 
1 0.7392578125 1.06298828125 0.5166015625 0.7744140625 
1 0.82177734375 1.2900390625 0.5556640625 0.90625 
1 0.7841796875 1.3828125 0.4541015625 0.99609375 
1 0.58984375 0.45361328125 0.5615234375 0.3837890625 
1 0.3349609375 0.22119140625 0.4609375 0.2236328125 
1 0.04736328125 0.0732421875 0.2109375 0.140625 
1 0.20947265625 0.22705078125 0.2646484375 0.2373046875 
1 0.12109375 0.41015625 0.1318359375 0.36328125 
1 0.05517578125 0.20166015625 0.103515625 0.1943359375 
1 0.26611328125 0.0458984375 0.4013671875 0.0859375 
1 0.3984375 0.48779296875 0.34765625 0.4677734375 
1 0.36279296875 0.58349609375 0.2607421875 0.4580078125 
1 0.474609375 0.103515625 0.5615234375 0.1953125 
1 0.3046875 0.958984375 0.09375 0.69921875 
1 0.33740234375 0.92236328125 0.1767578125 0.6943359375 
1 0.4931640625 0.943359375 0.32421875 0.69921875 
1 0.72998046875 0.85888671875 0.5478515625 0.6416015625 
1 0.3896484375 0.33154296875 0.41796875 0.2607421875 
1 0.484375 0.48876953125 0.3720703125 0.3525390625 
1 0.451171875 0.4111328125 0.431640625 0.330078125 
1 0.82861328125 0.8818359375 0.5615234375 0.6328125 
1 0.90625 1.400390625 0.5322265625 0.9609375 
1 0.533203125 1.1103515625 0.2392578125 0.771484375 
1 0.28955078125 0.89892578125 0.0771484375 0.6396484375 
