0 0.23291015625 0.36962890625 0.3115234375 0.3974609375 
0 0.39111328125 0.29833984375 0.4599609375 0.3095703125 
0 0.58935546875 0.4755859375 0.56640625 0.41796875 
0 0.4501953125 0.64501953125 0.3134765625 0.4970703125 
0 0.50537109375 1.0244140625 0.2822265625 0.75 
0 0.857421875 0.78955078125 0.7587890625 0.5830078125 
0 0.962890625 0.4736328125 0.9521484375 0.365234375 
0 0.94287109375 0.57958984375 0.974609375 0.4306640625 
0 0.8505859375 0.9482421875 0.7333984375 0.669921875 
0 0.55615234375 0.9560546875 0.3779296875 0.75 
