0 0.904296875 0.25048828125 0.8564453125 0.2041015625 
0 0.56591796875 0.88720703125 0.3583984375 0.6279296875 
0 0.3740234375 0.28173828125 0.3466796875 0.2236328125 
0 0.24267578125 0.62646484375 0.06640625 0.4462890625 
0 0.453125 0.40234375 0.3759765625 0.29296875 
0 0.61572265625 0.33203125 0.533203125 0.244140625 
0 0.82958984375 0.3701171875 0.7236328125 0.26953125 
0 0.3388671875 0.20068359375 0.29296875 0.1552734375 
0 0.8251953125 0.23291015625 0.7705078125 0.1767578125 
0 0.7177734375 0.14892578125 0.69140625 0.1181640625 
0 0.626953125 0.0126953125 0.65234375 0.025390625 
0 0.8623046875 0.31005859375 0.791015625 0.2216796875 
0 0.49853515625 0.19189453125 0.484375 0.1396484375 
0 0.94140625 0.55078125 0.8017578125 0.37890625 
0 0.55615234375 0.28466796875 0.5068359375 0.2001953125 
0 0.85595703125 0.45751953125 0.744140625 0.3154296875 
0 0.15625 0.2099609375 0.115234375 0.150390625 
0 0.13037109375 0.16943359375 0.091796875 0.1181640625 
6 0.37744140625 0.60986328125 0.5419921875 0.6357421875 
