3 0.5517578125 0.4609375 0.4580078125 0.3671875 
3 0.5068359375 0.470703125 0.40625 0.37109375 
3 0.74560546875 0.3115234375 0.7119140625 0.26171875 
3 0.4423828125 0.47216796875 0.3388671875 0.3662109375 
3 0.43359375 0.798828125 0.3828125 0.58203125 
3 0.52001953125 0.291015625 0.455078125 0.236328125 
3 0.43603515625 0.31689453125 0.373046875 0.2529296875 
3 0.21240234375 0.4248046875 0.138671875 0.3203125 
3 0.48193359375 0.29296875 0.43359375 0.232421875 
3 0.408203125 0.5029296875 0.2958984375 0.369140625 
3 0.5751953125 0.06494140625 0.59765625 0.0712890625 
3 0.22021484375 0.53125 0.1083984375 0.388671875 
