1 0.392578125 0.291015625 0.5205078125 0.3203125 
1 0.2900390625 0.306640625 0.34375 0.3125 
1 0.427734375 1.32080078125 0.25390625 0.9853515625 
1 0.2880859375 0.92236328125 0.14453125 0.7080078125 
1 0.4404296875 0.88916015625 0.345703125 0.6767578125 
1 0.015625 0.05810546875 0.2431640625 0.1162109375 
1 0.5830078125 1.18310546875 0.3623046875 0.8662109375 
1 0.80322265625 0.98779296875 0.66796875 0.7353515625 
1 1.056640625 1.09814453125 0.7490234375 0.8017578125 
1 1.09228515625 1.34033203125 0.7490234375 0.9482421875 
1 1.0146484375 0.97607421875 0.7490234375 0.6943359375 
