2 0.69140625 1.08642578125 0.416015625 0.7822265625 
2 0.69580078125 0.720703125 0.5205078125 0.537109375 
2 0.73291015625 0.7197265625 0.5615234375 0.53515625 
2 0.451171875 0.68603515625 0.2744140625 0.5009765625 
2 0.85400390625 0.7392578125 0.6591796875 0.53515625 
2 0.2294921875 0.697265625 0.0537109375 0.50390625 
2 0.5224609375 0.6904296875 0.3291015625 0.490234375 
2 0.3203125 0.68701171875 0.12890625 0.4873046875 
2 0.48388671875 0.68212890625 0.2783203125 0.4833984375 
2 0.90478515625 0.6962890625 0.708984375 0.4921875 
2 0.50830078125 0.6865234375 0.302734375 0.484375 
2 0.36181640625 0.70166015625 0.1640625 0.4912109375 
2 0.4638671875 0.60498046875 0.2861328125 0.4248046875 
2 0.38232421875 0.66259765625 0.2080078125 0.4560546875 
2 0.357421875 1.12109375 0.2412109375 0.8125 
