1 0.07470703125 0.208984375 0.142578125 0.220703125 
1 0.37646484375 1.029296875 0.158203125 0.763671875 
1 0.7646484375 0.69287109375 0.6552734375 0.5302734375 
1 0.19287109375 0.60693359375 0.11328125 0.4658203125 
1 0.58935546875 1.0322265625 0.3818359375 0.74609375 
1 0.57568359375 1.2666015625 0.2333984375 0.90234375 
1 0.26318359375 0.7216796875 0.1396484375 0.53515625 
1 0.51513671875 0.77685546875 0.3583984375 0.5712890625 
1 0.75732421875 0.4072265625 0.74609375 0.32421875 
1 0.71142578125 1.2822265625 0.396484375 0.90234375 
1 0.85791015625 1.376953125 0.4912109375 0.962890625 
1 0.49609375 1.357421875 0.1630859375 0.94921875 
1 0.58642578125 0.779296875 0.44140625 0.560546875 
1 0.453125 0.8193359375 0.287109375 0.580078125 
1 0.6865234375 0.798828125 0.5146484375 0.5625 
