4 0.83154296875 0.74365234375 0.8154296875 0.5986328125 
4 0.48291015625 0.32958984375 0.4638671875 0.2783203125 
0 0.6474609375 0.43505859375 0.5341796875 0.3232421875 
0 0.6748046875 0.46142578125 0.552734375 0.3369140625 
0 0.67041015625 0.40869140625 0.5751953125 0.2998046875 
0 0.7138671875 0.48828125 0.6005859375 0.3515625 
0 0.32958984375 0.201171875 0.2919921875 0.158203125 
0 0.72216796875 0.54345703125 0.61328125 0.3857421875 
0 0.6708984375 0.3740234375 0.5966796875 0.271484375 
0 0.5986328125 0.31201171875 0.5224609375 0.2294921875 
0 0.78076171875 0.4619140625 0.65625 0.328125 
0 0.90966796875 0.419921875 0.8134765625 0.298828125 
0 0.64306640625 0.265625 0.5712890625 0.189453125 
0 0.8212890625 0.5439453125 0.65625 0.373046875 
0 0.87060546875 0.474609375 0.724609375 0.326171875 
0 0.84912109375 0.4833984375 0.7119140625 0.328125 
0 0.552734375 0.52880859375 0.45703125 0.3740234375 
