4 0.6904296875 0.5859375 0.7412109375 0.4453125 
0 0.63134765625 1.29345703125 0.3017578125 0.9169921875 
0 0.14111328125 0.46240234375 0.08984375 0.3603515625 
4 0.55712890625 0.8876953125 0.453125 0.63671875 
0 0.3359375 0.5078125 0.3125 0.3828125 
4 0.802734375 0.83984375 0.6953125 0.6015625 
4 1.0224609375 1.0576171875 0.75 0.740234375 
0 0.443359375 0.59033203125 0.369140625 0.4267578125 
0 0.21923828125 0.68212890625 0.099609375 0.4873046875 
0 0.3017578125 0.56884765625 0.2548828125 0.4111328125 
0 0.20068359375 0.62158203125 0.068359375 0.4443359375 
0 0.48291015625 0.80615234375 0.3583984375 0.5673828125 
0 0.4609375 0.69580078125 0.345703125 0.4931640625 
0 0.50244140625 0.63818359375 0.3984375 0.4541015625 
0 0.416015625 0.62353515625 0.3095703125 0.4423828125 
0 0.2919921875 0.625 0.1943359375 0.44140625 
0 0.5517578125 0.6806640625 0.42578125 0.478515625 
0 0.29296875 0.66357421875 0.142578125 0.4638671875 
