6 0.4375 0.87744140625 0.2900390625 0.6337890625 
0 0.0791015625 0.1298828125 0.11328125 0.126953125 
0 0.15771484375 0.19677734375 0.1640625 0.1689453125 
0 0.24755859375 0.23388671875 0.234375 0.1923828125 
0 0.060546875 0.05615234375 0.1455078125 0.0732421875 
0 0.068359375 0.232421875 0.0771484375 0.19140625 
0 0.0263671875 0.10546875 0.0439453125 0.10546875 
6 0.7802734375 0.7568359375 0.6591796875 0.537109375 
0 0.38916015625 0.31787109375 0.361328125 0.2431640625 
0 0.173828125 0.1142578125 0.208984375 0.107421875 
4 0.10205078125 0.330078125 0.111328125 0.251953125 
0 0.654296875 0.24169921875 0.65625 0.1904296875 
0 0.27880859375 0.18408203125 0.265625 0.1513671875 
0 0.22119140625 0.16455078125 0.224609375 0.1357421875 
0 0.59619140625 0.47509765625 0.51171875 0.3427734375 
0 0.4267578125 0.23876953125 0.412109375 0.1845703125 
0 0.3271484375 0.26416015625 0.287109375 0.2001953125 
0 0.6572265625 0.38916015625 0.595703125 0.2822265625 
0 0.60888671875 0.2734375 0.5673828125 0.205078125 
0 0.4892578125 0.3564453125 0.4326171875 0.259765625 
0 0.55908203125 0.28076171875 0.51953125 0.2080078125 
0 0.37939453125 0.2421875 0.34375 0.181640625 
0 0.037109375 0.0146484375 0.1240234375 0.029296875 
0 0.69775390625 0.35546875 0.6279296875 0.255859375 
0 0.7216796875 0.31884765625 0.669921875 0.2314453125 
0 0.46240234375 0.31005859375 0.412109375 0.2236328125 
0 0.34814453125 0.201171875 0.3310546875 0.150390625 
0 0.5263671875 0.23681640625 0.5087890625 0.1728515625 
0 0.75439453125 0.41943359375 0.66015625 0.2939453125 
