4 0.7890625 0.6025390625 0.7490234375 0.458984375 
0 0.1494140625 0.48974609375 0.1279296875 0.3818359375 
4 0.81689453125 0.87744140625 0.7314453125 0.6357421875 
0 0.52783203125 1.306640625 0.1630859375 0.919921875 
4 0.3369140625 0.89697265625 0.189453125 0.6455078125 
0 0.33154296875 0.572265625 0.27734375 0.416015625 
0 0.36767578125 0.54248046875 0.330078125 0.3955078125 
0 0.56005859375 0.724609375 0.4072265625 0.513671875 
0 0.4501953125 0.8134765625 0.3193359375 0.572265625 
0 0.2197265625 0.681640625 0.09375 0.484375 
0 0.4619140625 0.625 0.373046875 0.4453125 
0 0.4765625 0.712890625 0.3466796875 0.50390625 
0 0.34326171875 0.640625 0.2314453125 0.451171875 
0 0.3076171875 0.67138671875 0.171875 0.4716796875 
0 0.546875 0.65625 0.3935546875 0.4609375 
0 0.19873046875 0.61181640625 0.0234375 0.4287109375 
4 0.7265625 1.00927734375 0.6220703125 0.7451171875 
