0 0.17822265625 0.1044921875 0.2470703125 0.203125 
4 0.6201171875 0.75341796875 0.5751953125 0.5927734375 
0 0.3447265625 0.275390625 0.39453125 0.2734375 
0 0.21875 0.4267578125 0.14453125 0.333984375 
4 0.4501953125 0.8876953125 0.25390625 0.638671875 
0 0.30712890625 0.5703125 0.228515625 0.423828125 
4 0.33349609375 1.01513671875 0.0966796875 0.7197265625 
0 0.189453125 0.57421875 0.05078125 0.42578125 
0 0.34619140625 0.51806640625 0.302734375 0.3818359375 
0 0.14892578125 0.47314453125 0.0703125 0.3505859375 
0 0.25048828125 0.64111328125 0.0859375 0.4599609375 
0 0.21337890625 0.54052734375 0.0966796875 0.3876953125 
0 0.27587890625 0.41064453125 0.193359375 0.2958984375 
0 0.26611328125 0.4541015625 0.171875 0.32421875 
0 0.06640625 0.08056640625 0.1552734375 0.1611328125 
