2 0.59521484375 0.779296875 0.43359375 0.583984375 
2 0.6728515625 0.6689453125 0.505859375 0.498046875 
2 0.79931640625 0.67333984375 0.6416015625 0.4970703125 
2 0.63427734375 0.6767578125 0.4482421875 0.49609375 
2 0.4775390625 0.63134765625 0.302734375 0.4580078125 
2 0.38525390625 0.642578125 0.212890625 0.462890625 
2 0.23388671875 0.6396484375 0.052734375 0.4609375 
2 0.5029296875 0.63134765625 0.3271484375 0.4501953125 
2 0.3935546875 0.59326171875 0.23046875 0.4248046875 
2 0.259765625 0.6279296875 0.083984375 0.447265625 
2 0.82421875 0.63623046875 0.6474609375 0.4521484375 
2 0.8544921875 0.64892578125 0.658203125 0.4580078125 
2 0.3701171875 0.63037109375 0.1865234375 0.4443359375 
2 0.4404296875 0.634765625 0.2578125 0.4453125 
2 0.29931640625 0.6298828125 0.109375 0.44140625 
2 0.71630859375 0.6357421875 0.5263671875 0.44140625 
2 0.609375 0.625 0.435546875 0.44140625 
