4 0.36865234375 0.8056640625 0.166015625 0.6484375 
0 0.6923828125 0.64697265625 0.5859375 0.5087890625 
0 0.90625 0.693359375 0.736328125 0.5078125 
0 0.24755859375 0.0888671875 0.2529296875 0.1015625 
0 0.23095703125 0.10595703125 0.2294921875 0.1123046875 
0 0.41015625 0.1083984375 0.4111328125 0.111328125 
0 0.19189453125 0.0498046875 0.2119140625 0.0703125 
0 0.4521484375 0.08056640625 0.44921875 0.0869140625 
0 0.73193359375 1.0830078125 0.3984375 0.75 
0 1.02294921875 0.50927734375 0.892578125 0.3642578125 
0 1.04638671875 0.73193359375 0.8291015625 0.5126953125 
0 0.9580078125 0.80224609375 0.724609375 0.5537109375 
0 0.13134765625 0.25244140625 0.064453125 0.1865234375 
0 0.87548828125 0.8515625 0.6435546875 0.583984375 
0 0.60546875 0.28271484375 0.52734375 0.2021484375 
0 0.5703125 0.82421875 0.326171875 0.5625 
0 0.1103515625 0.25537109375 0.0390625 0.1826171875 
0 0.24755859375 0.31591796875 0.1611328125 0.2197265625 
0 0.529296875 0.5341796875 0.380859375 0.365234375 
0 0.185546875 0.296875 0.107421875 0.20703125 
0 0.96630859375 0.84765625 0.7265625 0.572265625 
0 0.7861328125 0.4794921875 0.66015625 0.337890625 
