2 0.56201171875 0.69775390625 0.4287109375 0.5458984375 
2 0.47119140625 0.57861328125 0.314453125 0.4248046875 
2 0.62060546875 0.57958984375 0.462890625 0.4228515625 
2 0.73486328125 0.5751953125 0.5771484375 0.41796875 
2 0.6455078125 0.53662109375 0.50390625 0.3857421875 
2 0.88818359375 0.56103515625 0.7294921875 0.4013671875 
2 0.69775390625 0.5927734375 0.5478515625 0.421875 
2 0.77001953125 0.5712890625 0.6103515625 0.40625 
2 0.787109375 0.56494140625 0.62109375 0.3994140625 
2 0.59716796875 0.57177734375 0.427734375 0.3994140625 
2 0.859375 0.58203125 0.6865234375 0.40234375 
2 0.5556640625 0.57470703125 0.39453125 0.4072265625 
