1 0.24462890625 0.27880859375 0.41796875 0.3330078125 
1 0.4130859375 1.31494140625 0.123046875 0.9775390625 
1 0.1435546875 0.50390625 0.09375 0.43359375 
1 0.7998046875 1.18896484375 0.556640625 0.8896484375 
1 0.77197265625 0.892578125 0.6083984375 0.685546875 
1 0.62451171875 0.43896484375 0.67578125 0.3798828125 
1 0.5380859375 1.2236328125 0.337890625 0.900390625 
1 0.27490234375 0.888671875 0.1083984375 0.677734375 
1 0.51513671875 0.4072265625 0.5009765625 0.3515625 
1 0.69287109375 0.54345703125 0.6845703125 0.4248046875 
