0 0.10205078125 0.24462890625 0.0458984375 0.1748046875 
0 0.1669921875 0.2578125 0.10546875 0.18359375 
0 0.28759765625 0.341796875 0.228515625 0.275390625 
0 0.37158203125 0.47314453125 0.2861328125 0.3544921875 
0 0.390625 0.46142578125 0.29296875 0.3525390625 
0 0.45263671875 0.44921875 0.353515625 0.337890625 
0 0.462890625 0.6005859375 0.3310546875 0.439453125 
0 0.55419921875 0.5419921875 0.4521484375 0.41015625 
0 0.5498046875 0.56982421875 0.4306640625 0.4169921875 
0 0.62109375 0.6025390625 0.509765625 0.447265625 
0 0.62255859375 0.51416015625 0.509765625 0.3583984375 
0 0.7216796875 0.5732421875 0.57421875 0.419921875 
0 0.78369140625 0.57470703125 0.7177734375 0.4208984375 
0 0.927734375 0.75390625 0.7626953125 0.5546875 
0 1.15869140625 0.8447265625 0.94140625 0.58984375 
0 1.19775390625 0.7294921875 0.9990234375 0.5234375 
0 0.861328125 0.42626953125 0.7734375 0.3330078125 
0 0.95751953125 0.50634765625 0.8583984375 0.3857421875 
0 0.63671875 0.64306640625 0.4833984375 0.4619140625 
