0 0.53955078125 0.45068359375 0.4775390625 0.3251953125 
0 0.5751953125 0.59130859375 0.453125 0.4208984375 
0 0.63818359375 0.66845703125 0.509765625 0.4755859375 
0 0.93115234375 0.7353515625 0.82421875 0.5234375 
0 0.88623046875 0.61865234375 0.798828125 0.4501953125 
0 0.87890625 0.64111328125 0.7763671875 0.4658203125 
0 0.73046875 0.81005859375 0.5517578125 0.5615234375 
0 0.9833984375 0.99658203125 0.791015625 0.7158203125 
0 0.14208984375 0.4736328125 0.2265625 0.3984375 
0 0.16162109375 0.3681640625 0.25390625 0.3046875 
0 0.49267578125 0.56982421875 0.3681640625 0.4072265625 
0 0.53759765625 0.68798828125 0.404296875 0.4873046875 
0 0.7021484375 0.56005859375 0.6123046875 0.4013671875 
0 0.7099609375 0.48681640625 0.6298828125 0.3564453125 
0 1.13037109375 0.7021484375 0.9990234375 0.50390625 
0 0.77734375 0.66943359375 0.6201171875 0.4638671875 
0 0.58544921875 0.5185546875 0.494140625 0.375 
0 0.83544921875 0.58251953125 0.7294921875 0.4091796875 
0 0.51806640625 0.66796875 0.35546875 0.466796875 
0 0.39111328125 0.6328125 0.2880859375 0.447265625 
0 0.47900390625 0.5908203125 0.3544921875 0.41796875 
0 0.50048828125 0.45703125 0.4130859375 0.326171875 
0 0.1982421875 0.279296875 0.1552734375 0.22265625 
0 0.3671875 0.34033203125 0.44140625 0.2705078125 
0 0.79443359375 0.39013671875 0.7001953125 0.2783203125 
0 0.3740234375 0.521484375 0.2783203125 0.36328125 
0 1.138671875 0.8984375 0.8837890625 0.640625 
0 1.10888671875 0.923828125 0.8447265625 0.654296875 
0 1.08544921875 1.05029296875 0.82421875 0.7275390625 
0 0.36669921875 0.40673828125 0.2890625 0.2958984375 
0 0.3271484375 0.4267578125 0.255859375 0.302734375 
0 1.14404296875 0.732421875 0.9521484375 0.513671875 
0 1.21630859375 0.833984375 0.984375 0.583984375 
0 0.68701171875 0.51513671875 0.5439453125 0.3564453125 
0 0.7236328125 0.54931640625 0.5947265625 0.3837890625 
0 0.8125 0.55078125 0.7275390625 0.41796875 
0 0.47509765625 0.70947265625 0.3037109375 0.4951171875 
0 0.56005859375 0.28759765625 0.5009765625 0.2099609375 
0 0.5380859375 0.29541015625 0.47265625 0.2080078125 
0 0.53662109375 0.32568359375 0.46875 0.2353515625 
