2 0.62646484375 0.81494140625 0.4580078125 0.6083984375 
2 0.80224609375 0.68994140625 0.634765625 0.5185546875 
2 0.52880859375 0.7607421875 0.3408203125 0.5625 
2 0.70361328125 0.75 0.4892578125 0.544921875 
2 0.75244140625 0.69140625 0.5771484375 0.501953125 
2 0.72607421875 0.7158203125 0.52734375 0.51171875 
2 0.27587890625 0.8046875 0.072265625 0.564453125 
2 0.44287109375 0.80517578125 0.2099609375 0.5615234375 
2 0.91650390625 0.7275390625 0.7001953125 0.5078125 
2 0.2939453125 0.716796875 0.0869140625 0.5 
2 0.95458984375 0.74072265625 0.7412109375 0.5146484375 
2 0.94287109375 0.66748046875 0.7421875 0.4619140625 
2 0.3759765625 0.74365234375 0.1455078125 0.5107421875 
