0 0.380859375 0.8505859375 0.2939453125 0.666015625 
0 0.4951171875 0.79833984375 0.412109375 0.6240234375 
0 0.3876953125 0.46337890625 0.34375 0.3955078125 
0 0.4521484375 0.61083984375 0.375 0.4912109375 
0 0.7001953125 0.89990234375 0.5224609375 0.6787109375 
0 0.22900390625 0.74169921875 0.1044921875 0.5712890625 
0 0.34423828125 0.6689453125 0.20703125 0.51953125 
0 0.3408203125 0.56689453125 0.2548828125 0.4462890625 
0 0.5908203125 0.52880859375 0.5263671875 0.4208984375 
0 0.53125 0.49853515625 0.4560546875 0.3994140625 
0 0.22705078125 0.62255859375 0.125 0.4814453125 
0 0.6005859375 0.67431640625 0.515625 0.5126953125 
0 0.650390625 0.51123046875 0.5615234375 0.4013671875 
0 0.66748046875 0.76904296875 0.5361328125 0.5712890625 
0 0.26806640625 0.4375 0.1923828125 0.349609375 
0 0.43603515625 0.4404296875 0.37890625 0.3515625 
4 0.056640625 0.2060546875 0.107421875 0.185546875 
0 0.26611328125 0.13818359375 0.275390625 0.1181640625 
0 0.501953125 0.0927734375 0.52734375 0.083984375 
0 0.396484375 0.12890625 0.3828125 0.1015625 
