4 0.27197265625 0.2978515625 0.2626953125 0.2734375 
4 0.47998046875 0.123046875 0.55859375 0.126953125 
4 0.4873046875 0.61865234375 0.37890625 0.4521484375 
0 0.71826171875 0.875 0.462890625 0.611328125 
0 0.57958984375 0.99951171875 0.2783203125 0.6923828125 
0 0.63525390625 0.54052734375 0.48046875 0.3837890625 
0 0.9150390625 0.7509765625 0.68359375 0.521484375 
0 0.5107421875 0.72216796875 0.2939453125 0.4990234375 
0 0.470703125 0.6875 0.2626953125 0.47265625 
0 0.97021484375 0.84912109375 0.7041015625 0.5791015625 
0 0.85595703125 0.7724609375 0.625 0.52734375 
0 0.68017578125 0.921875 0.4072265625 0.626953125 
0 0.4921875 0.37841796875 0.3779296875 0.2646484375 
0 0.52099609375 0.4765625 0.3740234375 0.330078125 
0 0.53857421875 0.71337890625 0.3173828125 0.4873046875 
0 0.47607421875 0.40625 0.353515625 0.279296875 
0 0.462890625 0.29296875 0.3779296875 0.203125 
0 0.61767578125 0.9765625 0.3212890625 0.658203125 
0 0.26708984375 0.22216796875 0.2001953125 0.1533203125 
0 0.875 0.75927734375 0.6416015625 0.5107421875 
4 0.75390625 0.6943359375 0.603515625 0.548828125 
