0 0.20458984375 0.35546875 0.5654296875 0.498046875 
0 0.2744140625 0.13720703125 0.5703125 0.2626953125 
4 0.423828125 0.853515625 0.431640625 0.69140625 
4 0.84716796875 1.32080078125 0.75 0.9990234375 
0 0.685546875 0.701171875 0.6845703125 0.57421875 
0 0.1455078125 0.50048828125 0.1328125 0.4189453125 
0 0.80419921875 0.5205078125 0.7490234375 0.4296875 
0 0.7421875 0.580078125 0.642578125 0.4609375 
0 0.8173828125 0.62451171875 0.75 0.4833984375 
0 0.53857421875 0.61376953125 0.5166015625 0.4677734375 
0 0.88037109375 0.7705078125 0.7490234375 0.5703125 
0 0.61474609375 0.6953125 0.484375 0.505859375 
0 0.67138671875 1.1044921875 0.4423828125 0.77734375 
4 0.57666015625 1.078125 0.2880859375 0.755859375 
0 0.73486328125 0.8857421875 0.5712890625 0.625 
0 0.3330078125 0.8583984375 0.1455078125 0.603515625 
0 0.50390625 0.83642578125 0.291015625 0.5830078125 
0 0.27294921875 0.8388671875 0.0576171875 0.5859375 
0 0.4716796875 0.8505859375 0.2421875 0.587890625 
0 0.42578125 0.85205078125 0.19140625 0.5869140625 
4 0.5400390625 0.15478515625 0.7490234375 0.3095703125 
