2 0.53466796875 0.64892578125 0.59375 0.5224609375 
2 0.0859375 0.3212890625 0.0517578125 0.298828125 
2 0.09521484375 0.17626953125 0.125 0.1787109375 
2 0.65185546875 0.23486328125 0.6435546875 0.2138671875 
2 0.41357421875 0.1826171875 0.404296875 0.16796875 
2 0.05322265625 0.18798828125 0.0380859375 0.1708984375 
2 0.1943359375 0.189453125 0.177734375 0.1640625 
2 0.38134765625 0.19970703125 0.357421875 0.1708984375 
2 0.6943359375 0.21826171875 0.67578125 0.1826171875 
2 0.28466796875 0.1357421875 0.265625 0.12109375 
2 0.30859375 0.15380859375 0.2900390625 0.1318359375 
2 0.359375 0.095703125 0.36328125 0.08984375 
2 0.26953125 0.21630859375 0.251953125 0.1669921875 
2 0.52783203125 0.20556640625 0.4853515625 0.1513671875 
