0 0.03173828125 0.2373046875 0.1708984375 0.34765625 
0 0.11328125 0.14111328125 0.408203125 0.2822265625 
0 0.275390625 0.40966796875 0.279296875 0.3818359375 
0 0.4169921875 0.0791015625 0.53515625 0.158203125 
0 0.42041015625 0.5361328125 0.4443359375 0.4609375 
0 0.37646484375 1.0166015625 0.173828125 0.73828125 
0 0.35205078125 0.85986328125 0.2294921875 0.6201171875 
0 0.2822265625 0.736328125 0.142578125 0.53515625 
0 0.2373046875 0.7412109375 0.03125 0.533203125 
4 0.53125 0.6357421875 0.7333984375 0.728515625 
