0 0.1904296875 0.0888671875 0.294921875 0.177734375 
0 0.115234375 0.08056640625 0.18359375 0.1611328125 
0 0.3994140625 0.2373046875 0.46875 0.259765625 
4 0.62158203125 0.763671875 0.501953125 0.607421875 
0 0.26025390625 0.419921875 0.185546875 0.333984375 
4 0.49658203125 0.9091796875 0.2900390625 0.65625 
0 0.37548828125 0.56640625 0.27734375 0.423828125 
0 0.2119140625 0.57568359375 0.0869140625 0.4287109375 
0 0.2119140625 0.6650390625 0.0439453125 0.482421875 
0 0.1806640625 0.47021484375 0.1181640625 0.3505859375 
0 0.4013671875 0.52490234375 0.3623046875 0.3857421875 
0 0.27294921875 0.65234375 0.119140625 0.470703125 
0 0.1826171875 0.56884765625 0.05859375 0.4111328125 
0 0.25927734375 0.54296875 0.15234375 0.388671875 
0 0.30224609375 0.45556640625 0.2294921875 0.3271484375 
0 0.318359375 0.40966796875 0.248046875 0.2958984375 
