4 0.7900390625 0.9453125 0.72265625 0.72265625 
4 0.458984375 0.57421875 0.455078125 0.46875 
4 0.5556640625 0.7978515625 0.4287109375 0.607421875 
0 0.52587890625 0.2158203125 0.595703125 0.19140625 
0 0.1669921875 0.16064453125 0.240234375 0.1494140625 
4 0.54541015625 0.9443359375 0.4150390625 0.6640625 
0 0.17529296875 0.24560546875 0.2197265625 0.1923828125 
0 0.05078125 0.17333984375 0.078125 0.1435546875 
0 0.08837890625 0.28515625 0.052734375 0.216796875 
0 0.0498046875 0.16357421875 0.1015625 0.1279296875 
0 0.02197265625 0.08935546875 0.0830078125 0.0908203125 
