4 0.3349609375 0.16845703125 0.5166015625 0.1884765625 
4 0.0341796875 0.1240234375 0.125 0.138671875 
6 0.6640625 0.6640625 0.6201171875 0.49609375 
0 0.4365234375 0.03662109375 0.65625 0.0732421875 
6 0.4892578125 0.88232421875 0.326171875 0.6279296875 
0 0.66162109375 0.5009765625 0.611328125 0.3671875 
0 0.1005859375 0.02294921875 0.1826171875 0.0458984375 
0 0.20849609375 0.03271484375 0.265625 0.0517578125 
0 0.4873046875 0.63720703125 0.4326171875 0.4541015625 
0 0.20361328125 0.46484375 0.16796875 0.337890625 
0 0.3427734375 0.0576171875 0.3876953125 0.064453125 
0 0.29541015625 0.11181640625 0.330078125 0.1005859375 
0 0.595703125 0.150390625 0.634765625 0.125 
0 0.80615234375 0.3330078125 0.740234375 0.24609375 
4 0.64501953125 0.2470703125 0.623046875 0.1875 
0 0.67822265625 0.15283203125 0.701171875 0.1240234375 
0 0.74267578125 0.1494140625 0.7490234375 0.12109375 
0 0.505859375 0.29443359375 0.439453125 0.2177734375 
0 0.71728515625 0.19580078125 0.7333984375 0.1513671875 
0 0.42041015625 0.07275390625 0.4384765625 0.0693359375 
4 0.3720703125 0.52685546875 0.30859375 0.3701171875 
0 0.6650390625 0.2041015625 0.662109375 0.154296875 
0 0.5888671875 0.212890625 0.572265625 0.16015625 
0 0.0185546875 0.01318359375 0.0849609375 0.0263671875 
6 0.291015625 0.6162109375 0.1767578125 0.427734375 
6 0.5673828125 0.53173828125 0.4521484375 0.3681640625 
0 0.7587890625 0.3349609375 0.6875 0.236328125 
0 0.84619140625 0.34814453125 0.75 0.2451171875 
