0 0.40625 0.12158203125 0.6298828125 0.1650390625 
4 0.46240234375 0.607421875 0.5673828125 0.478515625 
0 0.07275390625 0.2587890625 0.1298828125 0.2265625 
0 0.11376953125 0.380859375 0.1533203125 0.306640625 
4 0.42431640625 0.8720703125 0.2783203125 0.625 
0 0.75048828125 0.30322265625 0.75 0.2412109375 
0 0.47900390625 1.00146484375 0.2294921875 0.7041015625 
4 0.69677734375 1.02099609375 0.40625 0.7041015625 
0 0.7314453125 0.68359375 0.544921875 0.4765625 
0 0.52490234375 0.4990234375 0.4140625 0.3515625 
6 0.37939453125 1.14599609375 0.080078125 0.7822265625 
0 0.416015625 0.748046875 0.2421875 0.515625 
0 0.724609375 0.78271484375 0.49609375 0.5380859375 
0 0.46923828125 0.6669921875 0.302734375 0.4609375 
0 0.6259765625 0.65625 0.47265625 0.453125 
0 0.8203125 0.841796875 0.56640625 0.57421875 
0 0.75 0.80908203125 0.51171875 0.5517578125 
0 0.794921875 0.8466796875 0.5380859375 0.576171875 
0 0.7177734375 0.779296875 0.4658203125 0.53125 
0 0.744140625 0.849609375 0.48046875 0.57421875 
0 0.7412109375 0.81982421875 0.4853515625 0.5537109375 
0 0.78515625 0.83642578125 0.52734375 0.5634765625 
0 0.7158203125 0.85107421875 0.44921875 0.5732421875 
