4 0.51513671875 0.66455078125 0.431640625 0.5419921875 
0 0.048828125 0.06103515625 0.3681640625 0.1220703125 
0 0.11376953125 0.287109375 0.1181640625 0.248046875 
4 0.32666015625 0.69873046875 0.171875 0.5009765625 
0 0.53466796875 1.04931640625 0.2548828125 0.7333984375 
0 0.28271484375 0.611328125 0.10546875 0.435546875 
0 0.294921875 0.80224609375 0.068359375 0.5615234375 
4 0.5361328125 0.89306640625 0.3095703125 0.6220703125 
0 0.52783203125 0.39501953125 0.439453125 0.2880859375 
4 0.69970703125 1.015625 0.4072265625 0.701171875 
0 0.2333984375 0.65869140625 0.076171875 0.4619140625 
6 0.384765625 1.15087890625 0.091796875 0.7900390625 
0 0.697265625 0.85595703125 0.4814453125 0.5908203125 
0 0.34619140625 0.63427734375 0.20703125 0.4423828125 
0 0.42333984375 0.61083984375 0.291015625 0.4267578125 
0 0.642578125 0.6474609375 0.49609375 0.451171875 
0 0.62939453125 0.7802734375 0.4208984375 0.5390625 
0 0.6943359375 0.693359375 0.533203125 0.48046875 
0 0.4892578125 0.66357421875 0.337890625 0.4599609375 
0 0.416015625 0.70703125 0.248046875 0.48828125 
0 0.31787109375 0.61767578125 0.1796875 0.4287109375 
0 0.41943359375 0.68212890625 0.2314453125 0.4716796875 
0 0.6865234375 0.64794921875 0.53515625 0.4482421875 
0 0.5322265625 0.63916015625 0.3740234375 0.4423828125 
0 0.775390625 0.796875 0.5361328125 0.546875 
0 0.79150390625 0.82275390625 0.5302734375 0.5576171875 
0 0.759765625 0.83154296875 0.5048828125 0.5615234375 
0 0.79052734375 0.86474609375 0.513671875 0.5830078125 
0 0.82861328125 0.8349609375 0.568359375 0.5625 
0 0.77783203125 0.8466796875 0.5078125 0.5703125 
