0 0.50244140625 0.93017578125 0.3837890625 0.8154296875 
0 0.794921875 0.802734375 0.7041015625 0.71484375 
0 0.34619140625 0.76416015625 0.2109375 0.6748046875 
0 0.44287109375 0.3984375 0.4462890625 0.404296875 
0 0.5146484375 0.56689453125 0.40625 0.4775390625 
0 0.49951171875 0.734375 0.349609375 0.548828125 
0 0.7939453125 1.04150390625 0.5810546875 0.7509765625 
0 0.7236328125 1.17138671875 0.5205078125 0.8349609375 
0 0.5 1.2080078125 0.1513671875 0.857421875 
0 0.54833984375 1.21630859375 0.20703125 0.8603515625 
0 0.66552734375 1.31201171875 0.3505859375 0.9228515625 
0 0.517578125 1.11572265625 0.2109375 0.7900390625 
0 0.61279296875 1.43017578125 0.2158203125 0.9990234375 
0 0.43017578125 1.32421875 0.0908203125 0.927734375 
0 0.5126953125 1.41015625 0.0927734375 0.98046875 
0 0.5126953125 1.32177734375 0.1494140625 0.9169921875 
