4 0.69580078125 0.615234375 0.6494140625 0.603515625 
0 0.86279296875 0.7255859375 0.6640625 0.51171875 
0 0.92041015625 0.77392578125 0.775390625 0.5458984375 
0 0.5107421875 0.57373046875 0.353515625 0.3935546875 
0 0.453125 0.36474609375 0.3623046875 0.2529296875 
0 0.25341796875 0.4775390625 0.1357421875 0.328125 
0 0.380859375 0.81201171875 0.1396484375 0.5732421875 
0 0.39599609375 0.927734375 0.111328125 0.634765625 
0 0.505859375 0.837890625 0.2470703125 0.56640625 
0 0.52978515625 0.7333984375 0.2939453125 0.5 
0 0.35888671875 0.7265625 0.15234375 0.501953125 
0 0.34033203125 0.755859375 0.1279296875 0.529296875 
0 0.93603515625 0.6201171875 0.76171875 0.42578125 
0 0.39306640625 0.3984375 0.2783203125 0.271484375 
