0 0.14892578125 0.29638671875 0.1376953125 0.2509765625 
4 0.162109375 0.521484375 0.0908203125 0.39453125 
6 0.662109375 0.751953125 0.5576171875 0.54296875 
4 0.19873046875 0.1083984375 0.240234375 0.11328125 
4 0.0234375 0.09814453125 0.0771484375 0.1064453125 
0 0.12060546875 0.03369140625 0.2216796875 0.0576171875 
0 0.38916015625 0.099609375 0.3994140625 0.099609375 
0 0.31103515625 0.59423828125 0.1669921875 0.4287109375 
6 0.37060546875 0.71337890625 0.2490234375 0.5068359375 
0 0.28955078125 0.1171875 0.326171875 0.107421875 
0 0.13720703125 0.0302734375 0.20703125 0.046875 
0 0.453125 0.25146484375 0.4345703125 0.1943359375 
0 0.36865234375 0.27880859375 0.32421875 0.2119140625 
0 0.51416015625 0.26708984375 0.48046875 0.2041015625 
0 0.3818359375 0.16259765625 0.3857421875 0.1337890625 
0 0.314453125 0.16455078125 0.3203125 0.1337890625 
0 0.29296875 0.05224609375 0.35546875 0.0576171875 
0 0.609375 0.13671875 0.650390625 0.11328125 
0 0.49169921875 0.1142578125 0.5322265625 0.09765625 
0 0.701171875 0.13916015625 0.703125 0.1142578125 
0 0.52099609375 0.2080078125 0.5263671875 0.16015625 
0 0.35546875 0.05078125 0.3955078125 0.0546875 
0 0.4462890625 0.14453125 0.46875 0.1171875 
0 0.66943359375 0.271484375 0.662109375 0.201171875 
0 0.32666015625 0.65234375 0.1435546875 0.455078125 
0 0.703125 0.193359375 0.6923828125 0.1484375 
0 0.5849609375 0.19921875 0.576171875 0.15234375 
0 0.61669921875 0.2470703125 0.6171875 0.18359375 
0 0.55029296875 0.51025390625 0.43359375 0.3583984375 
0 0.50830078125 0.14794921875 0.5361328125 0.1142578125 
