0 0.54931640625 0.38623046875 0.5009765625 0.3056640625 
0 0.39990234375 0.517578125 0.2841796875 0.392578125 
0 0.6328125 0.29345703125 0.5791015625 0.2392578125 
0 0.56005859375 0.2041015625 0.53125 0.17578125 
0 0.734375 0.2109375 0.7197265625 0.1796875 
0 0.49609375 0.30859375 0.5126953125 0.23828125 
0 0.4814453125 0.35693359375 0.4765625 0.2646484375 
0 0.880859375 0.13330078125 0.91796875 0.1142578125 
0 0.8193359375 0.1689453125 0.84375 0.134765625 
0 0.75244140625 0.06591796875 0.77734375 0.0595703125 
