4 0.4365234375 0.88232421875 0.6708984375 0.7451171875 
4 0.32421875 0.5029296875 0.6962890625 0.470703125 
0 0.875 1.23583984375 0.62890625 0.8896484375 
0 0.78076171875 0.89453125 0.572265625 0.642578125 
0 0.16162109375 0.298828125 0.21484375 0.240234375 
4 0.4951171875 0.70361328125 0.3544921875 0.5087890625 
0 0.09765625 0.32080078125 0.07421875 0.2509765625 
0 0.47265625 0.39990234375 0.4775390625 0.3037109375 
0 0.2744140625 0.31005859375 0.2568359375 0.2412109375 
0 0.81005859375 0.42529296875 0.7490234375 0.3173828125 
0 0.39892578125 0.31689453125 0.419921875 0.2451171875 
0 0.5048828125 0.31689453125 0.490234375 0.2431640625 
0 0.3291015625 0.37255859375 0.3505859375 0.2802734375 
0 0.5556640625 0.38427734375 0.5224609375 0.2841796875 
0 0.11328125 0.3603515625 0.060546875 0.267578125 
0 0.36083984375 0.2734375 0.38671875 0.208984375 
0 0.09765625 0.1689453125 0.14453125 0.138671875 
0 0.61083984375 0.515625 0.5595703125 0.369140625 
