4 0.19775390625 0.6123046875 0.126953125 0.48828125 
0 0.427734375 0.04833984375 0.478515625 0.0966796875 
0 0.01171875 0.08056640625 0.0966796875 0.1142578125 
4 0.05712890625 0.20556640625 0.111328125 0.1826171875 
4 0.13818359375 0.365234375 0.150390625 0.287109375 
0 0.0 0.02783203125 0.1201171875 0.0556640625 
0 0.21044921875 0.251953125 0.197265625 0.201171875 
0 0.56689453125 0.90283203125 0.3955078125 0.6318359375 
4 0.8798828125 0.6904296875 0.7490234375 0.490234375 
0 0.49951171875 0.4521484375 0.423828125 0.328125 
0 0.57373046875 0.34912109375 0.5078125 0.2587890625 
0 0.31494140625 0.31005859375 0.2890625 0.2314453125 
0 0.3310546875 0.3740234375 0.2724609375 0.271484375 
0 0.65966796875 0.39013671875 0.58203125 0.2822265625 
0 0.529296875 0.4208984375 0.4658203125 0.302734375 
0 0.73876953125 0.3486328125 0.6826171875 0.25390625 
0 0.8017578125 0.4375 0.708984375 0.3125 
0 0.40234375 0.373046875 0.3525390625 0.26953125 
6 0.7109375 0.8505859375 0.4921875 0.587890625 
0 0.64990234375 0.3857421875 0.5732421875 0.27734375 
0 0.69140625 0.40087890625 0.60546875 0.2861328125 
0 0.72021484375 0.80029296875 0.5263671875 0.5517578125 
0 0.681640625 0.447265625 0.5869140625 0.31640625 
0 0.66015625 0.7919921875 0.447265625 0.544921875 
0 0.83154296875 0.39453125 0.7490234375 0.279296875 
0 0.75634765625 0.42333984375 0.66015625 0.2978515625 
0 0.75244140625 0.39013671875 0.6748046875 0.2744140625 
0 0.494140625 0.04052734375 0.6044921875 0.0810546875 
