2 0.41796875 1.18212890625 0.294921875 0.8876953125 
2 0.6640625 0.7119140625 0.564453125 0.552734375 
2 0.4423828125 0.408203125 0.41015625 0.34375 
2 0.66845703125 0.31103515625 0.625 0.2490234375 
2 0.560546875 0.3212890625 0.5078125 0.248046875 
2 0.736328125 0.31689453125 0.66796875 0.2431640625 
2 0.80322265625 0.30419921875 0.7490234375 0.2353515625 
2 0.439453125 0.5546875 0.39453125 0.3984375 
2 0.7666015625 0.32958984375 0.6943359375 0.2412109375 
2 0.6591796875 0.322265625 0.578125 0.234375 
2 0.62109375 0.330078125 0.5546875 0.23828125 
