0 1.091796875 0.826171875 0.8408203125 0.578125 
0 0.67626953125 0.46435546875 0.5419921875 0.3330078125 
0 0.8505859375 0.8798828125 0.5927734375 0.607421875 
0 1.14892578125 0.97802734375 0.83984375 0.6728515625 
0 0.7607421875 0.3203125 0.6826171875 0.234375 
0 0.91552734375 0.89599609375 0.640625 0.6181640625 
0 0.69921875 0.326171875 0.6201171875 0.23828125 
0 0.9150390625 0.95166015625 0.6181640625 0.6533203125 
0 0.74169921875 0.45166015625 0.615234375 0.3193359375 
0 0.66064453125 0.3251953125 0.58984375 0.234375 
0 0.35986328125 0.369140625 0.29296875 0.263671875 
0 1.0595703125 0.97607421875 0.76953125 0.6669921875 
0 0.64794921875 0.41796875 0.533203125 0.294921875 
0 1.0419921875 0.91162109375 0.791015625 0.6240234375 
0 0.4638671875 0.35693359375 0.3642578125 0.2529296875 
0 0.6884765625 0.39794921875 0.576171875 0.2802734375 
0 1.08056640625 0.666015625 0.89453125 0.458984375 
0 0.5322265625 0.25146484375 0.4765625 0.1826171875 
0 1.11962890625 0.8291015625 0.8876953125 0.56640625 
0 1.171875 1.01708984375 0.8525390625 0.6904296875 
4 0.55615234375 0.1513671875 0.57421875 0.11328125 
0 1.05224609375 0.89453125 0.7783203125 0.607421875 
0 0.9912109375 0.5673828125 0.8271484375 0.388671875 
0 0.15576171875 0.40771484375 0.041015625 0.2822265625 
0 0.201171875 0.43212890625 0.0751953125 0.2978515625 
0 0.63427734375 0.474609375 0.5087890625 0.326171875 
0 0.7197265625 0.49658203125 0.564453125 0.3408203125 
0 0.18359375 0.5107421875 0.0517578125 0.349609375 
0 0.94482421875 0.57373046875 0.7734375 0.3916015625 
0 1.13623046875 1.01025390625 0.8271484375 0.6826171875 
0 0.619140625 0.5224609375 0.4755859375 0.357421875 
0 0.65966796875 0.45654296875 0.5302734375 0.3134765625 
0 0.84423828125 0.55908203125 0.6787109375 0.3818359375 
0 1.02880859375 0.57958984375 0.861328125 0.3955078125 
0 0.7236328125 0.56884765625 0.556640625 0.3876953125 
0 0.19189453125 0.53515625 0.0498046875 0.365234375 
0 0.8154296875 0.45166015625 0.6796875 0.3095703125 
0 0.42431640625 0.2509765625 0.3828125 0.17578125 
0 0.61962890625 0.49365234375 0.47265625 0.3369140625 
0 0.37646484375 0.2177734375 0.3193359375 0.15234375 
0 0.4658203125 0.21923828125 0.40625 0.1533203125 
0 0.88427734375 0.58056640625 0.70703125 0.3935546875 
0 0.42529296875 0.37841796875 0.318359375 0.2587890625 
0 0.51953125 0.30859375 0.43359375 0.2109375 
0 0.42529296875 0.271484375 0.345703125 0.185546875 
