0 0.03466796875 0.1953125 0.7490234375 0.388671875 
0 0.0625 0.3017578125 0.2021484375 0.353515625 
0 0.1826171875 0.65966796875 0.2734375 0.5888671875 
4 0.48974609375 0.70703125 0.75 0.607421875 
0 0.404296875 1.08056640625 0.3388671875 0.8056640625 
0 0.42822265625 0.8564453125 0.3779296875 0.63671875 
0 0.875 0.73486328125 0.75 0.5439453125 
0 0.9375 1.2490234375 0.6806640625 0.884765625 
0 0.8525390625 0.8564453125 0.6376953125 0.615234375 
4 0.82080078125 1.22314453125 0.498046875 0.8583984375 
0 0.88671875 0.94580078125 0.658203125 0.6728515625 
0 0.74365234375 0.9521484375 0.533203125 0.671875 
0 0.42431640625 0.94287109375 0.1845703125 0.6611328125 
0 0.462890625 1.4111328125 0.0556640625 0.970703125 
0 0.6806640625 0.97021484375 0.427734375 0.6748046875 
0 0.5302734375 0.9638671875 0.267578125 0.669921875 
0 0.76611328125 1.03271484375 0.45703125 0.7158203125 
0 0.63330078125 1.0 0.359375 0.693359375 
0 0.73828125 0.97900390625 0.4951171875 0.6767578125 
0 0.35205078125 1.06201171875 0.0517578125 0.7275390625 
0 0.61572265625 0.97412109375 0.35546875 0.6650390625 
