2 0.369140625 0.49560546875 0.2939453125 0.4013671875 
2 0.5673828125 0.748046875 0.462890625 0.55078125 
2 0.77099609375 0.38671875 0.6962890625 0.294921875 
2 0.60888671875 0.39697265625 0.5263671875 0.2998046875 
2 0.490234375 0.4013671875 0.4140625 0.302734375 
2 0.78662109375 0.3525390625 0.69921875 0.265625 
2 0.64794921875 0.39599609375 0.552734375 0.2939453125 
2 0.86572265625 0.39453125 0.7490234375 0.291015625 
2 0.81396484375 0.408203125 0.71875 0.298828125 
2 0.75048828125 0.4033203125 0.6494140625 0.29296875 
2 0.59326171875 0.39306640625 0.482421875 0.2802734375 
2 0.66845703125 0.41845703125 0.62109375 0.2958984375 
2 0.57666015625 0.41162109375 0.478515625 0.2861328125 
2 0.833984375 0.4189453125 0.73046875 0.291015625 
2 0.77490234375 0.36669921875 0.6787109375 0.2548828125 
