1 0.314453125 0.46044921875 0.3046875 0.4091796875 
1 0.5 1.1044921875 0.3193359375 0.837890625 
1 0.47900390625 0.8154296875 0.3662109375 0.625 
1 0.71484375 0.7958984375 0.6611328125 0.603515625 
1 0.28955078125 0.640625 0.234375 0.494140625 
1 0.681640625 1.17236328125 0.4482421875 0.8408203125 
1 0.8779296875 0.90869140625 0.701171875 0.6494140625 
1 0.45458984375 1.08154296875 0.1728515625 0.7587890625 
1 0.91357421875 1.27490234375 0.6259765625 0.8876953125 
1 0.80517578125 1.32666015625 0.4619140625 0.9208984375 
1 0.99169921875 1.20263671875 0.6904296875 0.8369140625 
1 0.943359375 1.3798828125 0.609375 0.951171875 
1 0.7587890625 1.1171875 0.54296875 0.7734375 
1 0.9208984375 0.86767578125 0.75 0.6572265625 
