6 0.224609375 0.46630859375 0.232421875 0.4951171875 
0 0.96875 0.568359375 0.8955078125 0.44140625 
0 0.9990234375 0.19677734375 0.9765625 0.1904296875 
0 0.912109375 0.701171875 0.7841796875 0.5234375 
0 0.587890625 0.76708984375 0.3642578125 0.5498046875 
0 0.53076171875 0.77099609375 0.2998046875 0.5478515625 
0 0.43994140625 0.8232421875 0.1865234375 0.578125 
0 0.47119140625 0.77783203125 0.228515625 0.5419921875 
0 0.39697265625 0.7626953125 0.193359375 0.53125 
4 0.42431640625 0.45458984375 0.3955078125 0.5166015625 
