2 0.42626953125 0.72509765625 0.615234375 0.6474609375 
2 0.341796875 0.27392578125 0.361328125 0.2548828125 
2 0.74072265625 0.1259765625 0.74609375 0.1328125 
2 0.5712890625 0.154296875 0.5830078125 0.14453125 
2 0.703125 0.1513671875 0.712890625 0.142578125 
2 0.36328125 0.4013671875 0.3505859375 0.306640625 
2 0.6123046875 0.15087890625 0.6083984375 0.1376953125 
2 0.4580078125 0.16552734375 0.4638671875 0.1435546875 
2 0.6552734375 0.1669921875 0.6572265625 0.130859375 
2 0.52978515625 0.158203125 0.5185546875 0.134765625 
