1 0.6220703125 0.8095703125 0.5966796875 0.634765625 
1 0.38330078125 1.21337890625 0.1640625 0.8935546875 
1 0.08642578125 0.32080078125 0.0234375 0.2958984375 
1 0.80322265625 0.81298828125 0.744140625 0.6123046875 
1 0.2841796875 0.83984375 0.236328125 0.62890625 
1 0.345703125 1.08935546875 0.1123046875 0.7958984375 
1 0.76708984375 1.17138671875 0.521484375 0.8408203125 
1 0.25048828125 0.794921875 0.0400390625 0.587890625 
1 0.650390625 1.20166015625 0.3720703125 0.8408203125 
1 0.513671875 0.98095703125 0.298828125 0.6884765625 
1 0.70849609375 1.17431640625 0.4111328125 0.8154296875 
1 0.634765625 1.16650390625 0.3193359375 0.8095703125 
1 0.4599609375 1.41943359375 0.0947265625 0.9990234375 
