0 0.63525390625 0.1494140625 0.7275390625 0.2265625 
4 0.4482421875 0.8466796875 0.517578125 0.666015625 
4 0.53662109375 1.38134765625 0.37890625 0.9990234375 
0 0.22509765625 0.5126953125 0.203125 0.41015625 
0 0.39794921875 0.61376953125 0.3291015625 0.4599609375 
0 0.83203125 0.5185546875 0.7490234375 0.396484375 
0 0.17333984375 0.5537109375 0.12890625 0.4140625 
0 0.71630859375 0.67822265625 0.6484375 0.4951171875 
0 0.87841796875 0.67626953125 0.7490234375 0.4912109375 
0 0.2236328125 0.7001953125 0.0859375 0.505859375 
0 0.27197265625 0.6240234375 0.2080078125 0.453125 
0 0.61669921875 0.66943359375 0.505859375 0.4775390625 
0 0.587890625 0.609375 0.5 0.4375 
0 0.66650390625 0.5771484375 0.5810546875 0.41015625 
