4 0.400390625 0.7958984375 0.5478515625 0.642578125 
0 0.8544921875 1.005859375 0.619140625 0.71875 
0 0.712890625 0.94677734375 0.5693359375 0.6787109375 
0 0.48828125 0.4619140625 0.46875 0.349609375 
0 0.44677734375 0.58447265625 0.373046875 0.4287109375 
0 0.78271484375 0.85986328125 0.607421875 0.6123046875 
0 0.27294921875 0.572265625 0.2265625 0.419921875 
0 0.84228515625 0.953125 0.6103515625 0.673828125 
0 0.65966796875 0.462890625 0.634765625 0.345703125 
4 0.70068359375 0.5947265625 0.66015625 0.43359375 
0 0.544921875 0.6103515625 0.447265625 0.443359375 
0 0.43798828125 0.28369140625 0.4697265625 0.2216796875 
0 0.619140625 0.63330078125 0.4912109375 0.4541015625 
0 0.39501953125 0.49658203125 0.3408203125 0.3623046875 
0 0.59619140625 0.23876953125 0.611328125 0.1904296875 
0 0.3984375 1.2021484375 0.091796875 0.853515625 
