0 0.34619140625 0.8349609375 0.203125 0.61328125 
0 0.4326171875 1.21484375 0.08203125 0.859375 
0 0.3701171875 0.07666015625 0.44921875 0.0830078125 
0 0.47412109375 0.19384765625 0.482421875 0.1591796875 
0 0.4404296875 0.3193359375 0.41796875 0.255859375 
0 0.5576171875 0.388671875 0.5244140625 0.28515625 
0 0.2587890625 0.529296875 0.1708984375 0.37890625 
0 0.61181640625 0.67822265625 0.4345703125 0.4990234375 
0 0.349609375 0.6982421875 0.296875 0.513671875 
0 0.34228515625 0.61962890625 0.1767578125 0.4560546875 
