4 0.44189453125 0.7587890625 0.40625 0.59765625 
0 0.76513671875 0.45703125 0.7490234375 0.388671875 
4 0.54248046875 1.37548828125 0.29296875 0.9990234375 
6 0.68798828125 0.62451171875 0.5390625 0.4736328125 
0 0.7578125 0.74169921875 0.572265625 0.5498046875 
0 0.74951171875 1.2939453125 0.4736328125 0.9140625 
0 0.86572265625 0.62158203125 0.7490234375 0.4638671875 
0 0.8818359375 0.5576171875 0.75 0.419921875 
0 0.8974609375 0.79736328125 0.708984375 0.5751953125 
0 0.73583984375 0.73974609375 0.53125 0.5361328125 
0 0.7158203125 0.81982421875 0.48046875 0.5888671875 
4 0.74755859375 1.18310546875 0.453125 0.8291015625 
0 0.837890625 0.81787109375 0.642578125 0.5849609375 
0 0.66162109375 0.72802734375 0.47265625 0.5244140625 
4 0.8564453125 1.06298828125 0.6640625 0.7431640625 
0 0.9423828125 0.8876953125 0.728515625 0.619140625 
0 1.0185546875 0.96826171875 0.75 0.6708984375 
0 0.88720703125 0.83447265625 0.689453125 0.5810546875 
