2 0.25244140625 0.45166015625 0.1943359375 0.3740234375 
2 0.25146484375 0.4599609375 0.14453125 0.3671875 
2 0.7353515625 0.55517578125 0.6103515625 0.4228515625 
2 0.83154296875 0.560546875 0.7021484375 0.419921875 
2 0.88916015625 0.5712890625 0.7490234375 0.41796875 
2 0.62646484375 0.56787109375 0.4716796875 0.4150390625 
2 0.47314453125 0.7880859375 0.375 0.55859375 
2 0.6357421875 0.55517578125 0.498046875 0.4033203125 
2 0.60888671875 0.56787109375 0.4521484375 0.4111328125 
2 0.4580078125 0.5185546875 0.3408203125 0.376953125 
2 0.3994140625 0.51123046875 0.2705078125 0.3701171875 
2 0.49462890625 0.53076171875 0.35546875 0.3798828125 
2 0.44677734375 0.53515625 0.306640625 0.380859375 
