0 0.05029296875 0.271484375 0.3212890625 0.341796875 
4 0.6630859375 0.93212890625 0.69921875 0.7783203125 
0 0.35888671875 0.591796875 0.490234375 0.509765625 
0 0.1142578125 0.0693359375 0.20703125 0.138671875 
0 0.84326171875 0.552734375 0.7490234375 0.447265625 
0 0.24658203125 0.79736328125 0.029296875 0.6083984375 
0 0.2626953125 0.5498046875 0.17578125 0.435546875 
4 0.5009765625 1.1083984375 0.314453125 0.798828125 
0 0.18212890625 0.5849609375 0.0615234375 0.44140625 
0 0.11572265625 0.38037109375 0.08984375 0.2978515625 
0 0.24267578125 0.75927734375 0.0849609375 0.5478515625 
