0 0.10009765625 0.3564453125 0.166015625 0.3125 
0 0.318359375 0.43994140625 0.451171875 0.3642578125 
0 0.22021484375 0.1435546875 0.22265625 0.16015625 
4 0.7998046875 0.859375 0.66015625 0.625 
4 0.6552734375 0.70361328125 0.6103515625 0.5205078125 
0 0.19384765625 0.2109375 0.1640625 0.189453125 
4 0.29541015625 0.6455078125 0.2314453125 0.46875 
0 0.49267578125 0.7890625 0.36328125 0.560546875 
4 0.4384765625 0.8955078125 0.2958984375 0.630859375 
4 0.84716796875 1.03076171875 0.7158203125 0.7431640625 
