0 0.30615234375 0.248046875 0.263671875 0.201171875 
0 0.26513671875 0.1962890625 0.23046875 0.15625 
0 0.78466796875 0.58251953125 0.6201171875 0.4130859375 
0 0.9404296875 0.56005859375 0.80078125 0.4091796875 
0 1.0361328125 0.71533203125 0.83984375 0.5126953125 
0 1.00732421875 0.40673828125 0.904296875 0.2880859375 
0 1.10888671875 0.48583984375 0.9990234375 0.4189453125 
0 0.544921875 0.962890625 0.2861328125 0.72265625 
0 0.53369140625 1.05908203125 0.21875 0.7451171875 
0 0.34326171875 0.14599609375 0.3232421875 0.1298828125 
0 0.37841796875 0.14111328125 0.3583984375 0.1240234375 
0 0.70166015625 0.60595703125 0.5322265625 0.4326171875 
0 0.44189453125 0.484375 0.310546875 0.357421875 
0 0.30419921875 0.0517578125 0.31640625 0.05859375 
0 0.34130859375 0.4443359375 0.2197265625 0.328125 
0 0.32470703125 0.39453125 0.2265625 0.275390625 
0 0.400390625 0.53564453125 0.244140625 0.3798828125 
0 0.44873046875 0.57958984375 0.283203125 0.4150390625 
0 0.3671875 0.55908203125 0.2099609375 0.3994140625 
